,Unnamed: 0,sample_list,selected_list,selected_num,selected_time,selected_rate,fval,qubit_num,spent_time(s),embedding_time(s),sampling_time(s),timing,problem_id,embedding_context,warnings
0,0,"[1003, 991, 474, 1057, 326, 1304, 73, 796, 1437, 346, 1262, 1203, 1193, 1328, 18, 1287, 766, 1231, 1062, 781, 120, 1406, 609, 575, 226, 1282, 877, 1447, 1522, 962, 480, 271, 428, 639, 172, 1061, 1409, 641, 664, 1314]","[1231, 1282, 1406, 172, 962]",5,"[130785.0, 18575.0, 79329.0, 69185.0, 128493.0]","[1.0, 0.5652173913043478, 0.625, 0.75, 0.6666666666666666]",0.0210699083755338,234,12.25495982170105,12.22416145170105,8.922178745269775,"{'qpu_sampling_time': 15040.0, 'qpu_anneal_time_per_sample': 20.0, 'qpu_readout_time_per_sample': 109.86, 'qpu_access_time': 30798.37, 'qpu_access_overhead_time': 2690.63, 'qpu_programming_time': 15758.37, 'qpu_delay_time_per_sample': 20.54, 'total_post_processing_time': 1860.0, 'post_processing_overhead_time': 1860.0}",49e47600-47cb-495b-9cc7-76702b27d999,"{'embedding': {'T991': (1618, 5453, 5452, 5450, 5451), 'T1003': (5483, 5480, 5481, 1469, 5482), 'T474': (5362, 5360, 1407, 1409, 5361, 1408), 'T1057': (1154, 5226, 1153, 1151, 1152, 5225), 'T326': (1289, 1288, 5076, 1287), 'T1304': (5557, 5556, 5555, 1107, 1108, 1109), 'T73': (5195, 5196, 1394, 1393, 5272, 1392), 'T796': (5435, 5438, 5437, 5436), 'T1437': (1512, 1513, 5525, 5526, 5527), 'T346': (1528, 1363, 5390, 5392, 5391), 'T1262': (1573, 1511, 1572, 1482, 5165, 5166, 5423, 5167), 'T1203': (1301, 5227, 1379, 5346, 5031, 1376, 1378, 1377), 'T1193': (1439, 1438, 5333, 5330, 5331, 5332), 'T1328': (1139, 1138, 1137, 5181, 5180), 'T18': (1317, 1319, 5256, 1318), 'T1287': (1077, 1079, 1078, 5420, 5422, 5421), 'T766': (1498, 1497, 5540, 1499, 5542, 5077, 5541), 'T1231': (1558, 1557, 1556, 5150, 5151, 5152, 5153), 'T1062': (5616, 1346, 1349, 1347, 1348), 'T781': (1304, 5271, 1302, 1303), 'T120': (5107, 1454, 1453, 5121, 5122, 1452), 'T1406': (1362, 1033, 5315, 5318, 5317, 5316), 'T609': (1169, 5302, 1168, 5301, 5270, 1166, 1167), 'T575': (5347, 5496, 1423, 5497, 1424), 'T226': (1542, 1543, 5377, 5375, 5376), 'T1282': (5137, 1259, 5136, 1258, 1257), 'T877': (1256, 5091, 5090, 1094, 1093, 5495, 1092), 'T1447': (5512, 1184, 5511, 1181, 1182, 1183), 'T1522': (5286, 5285, 1483, 1603, 5287, 1602, 5288), 'T962': (1526, 5017, 5016, 1241, 1242, 1244, 1243), 'T480': (1648, 5602, 5603, 5600, 5601, 5498, 1649), 'T271': (1422, 5241, 5240, 5242, 1064, 1063, 1062), 'T428': (5075, 5571, 1122, 5570, 1123, 5585, 1124), 'T639': (5586, 1271, 1272, 1274, 1273), 'T172': (1589, 1588, 1587, 1527, 5210, 5211, 5212), 'T1061': (5406, 5661, 5030, 1196, 1199, 1198, 1197), 'T1409': (5061, 1226, 5631, 1227, 1228, 1229), 'T641': (5046, 1211, 5345, 1214, 1212, 1213), 'T664': (1048, 5465, 5468, 5467, 5466), 'T1314': (1331, 1334, 1333, 1332)}, 'chain_break_method': 'majority_vote', 'embedding_parameters': {}, 'chain_strength': 0.0010322545677043248}","[{'type': <class 'dwave.system.warnings.ChainLengthWarning'>, 'message': 'Chain length greater than 7', 'level': 30, 'data': {'target_variables': (1573, 1511, 1572, 1482, 5165, 5166, 5423, 5167), 'source_variables': ['T1262']}}, {'type': <class 'dwave.system.warnings.ChainLengthWarning'>, 'message': 'Chain length greater than 7', 'level': 30, 'data': {'target_variables': (1301, 5227, 1379, 5346, 5031, 1376, 1378, 1377), 'source_variables': ['T1203']}}, {'type': <class 'dwave.system.warnings.ChainBreakWarning'>, 'message': 'Lowest-energy samples contain a broken chain', 'level': 40, 'data': {'target_variables': (1526, 5017, 5016, 1241, 1242, 1244, 1243), 'source_variables': ['T962'], 'sample_index': 0}}]"
1,1,"[1642, 833, 189, 1212, 1369, 287, 1352, 896, 546, 601, 21, 1588, 456, 846, 774, 612, 165, 751, 178, 761, 688, 893, 1015, 1027, 280, 363, 1653, 527, 927, 1005, 12, 28, 134, 23, 1091, 1120, 321, 1464, 302, 1446]","[1091, 1464, 165, 1653, 363, 896]",6,"[107015.0, 74450.0, 66316.0, 64234.0, 55713.0, 56093.0]","[0.5333333333333333, 0.9411764705882352, 0.8333333333333334, 1.0, 0.95, 1.0]",0.0298192454067762,232,10.177857398986816,10.152259028986816,8.151508808135986,"{'qpu_sampling_time': 9840.0, 'qpu_anneal_time_per_sample': 20.0, 'qpu_readout_time_per_sample': 57.86, 'qpu_access_time': 25598.37, 'qpu_access_overhead_time': 860.63, 'qpu_programming_time': 15758.37, 'qpu_delay_time_per_sample': 20.54, 'total_post_processing_time': 330.0, 'post_processing_overhead_time': 330.0}",a98a77e6-f2e3-4ca3-8d9c-16a78451bc2e,"{'embedding': {'T833': (3868, 3869, 2686, 2687, 2688, 2689), 'T1642': (3764, 3763, 3793, 2509, 3733, 2596, 2597, 2598), 'T189': (2628, 2627, 3254, 3238, 2626), 'T1212': (3477, 2251, 2252, 2253, 3719, 3718, 3717), 'T1369': (3629, 3628, 2342, 2343, 3627), 'T287': (2536, 2537, 2538, 3808, 3809, 2539), 'T1352': (3296, 3299, 3298, 2327, 2326, 3297), 'T896': (2792, 3419, 3416, 3418, 3417), 'T546': (3551, 3552, 2776, 3553, 2748, 2777, 3554), 'T601': (2267, 2747, 3446, 3449, 3447, 2582, 3448), 'T21': (2401, 2402, 3566, 3567, 3569, 3568), 'T1588': (2448, 3479, 3478, 2446, 2447), 'T456': (3644, 3643, 2431, 2432, 2433, 2434), 'T846': (2296, 2298, 2297, 3389, 3386, 3388, 3387), 'T774': (3614, 2357, 2358, 3613, 3612), 'T612': (3657, 2566, 3658, 3329, 2569, 2568, 2567), 'T165': (3401, 3404, 3403, 3402), 'T751': (2416, 3507, 2417, 3509, 3508), 'T178': (3704, 3703, 2524, 2523, 2522), 'T761': (3164, 3163, 3253, 2476, 2388, 2387, 3328), 'T688': (2641, 2642, 2644, 2643), 'T893': (2132, 2133, 3434, 3431, 3432, 3433), 'T1015': (3748, 2554, 3179, 2551, 2553, 2552), 'T1027': (3734, 2674, 3659, 2671, 2672, 2673), 'T280': (2521, 3269, 3268, 3267, 2282, 3327, 2281), 'T363': (2478, 3357, 3359, 3358, 2477), 'T1653': (2463, 2462, 3342, 3344, 3343), 'T527': (3537, 2192, 3584, 3583, 3582, 3581, 2193), 'T927': (2237, 3494, 3493, 3492), 'T1005': (2659, 2656, 2657, 2658), 'T12': (2371, 2372, 3539, 3538, 2373), 'T28': (3794, 2701, 2702, 2703, 2704), 'T134': (2221, 2222, 3522, 3523, 3674, 3673, 2508), 'T23': (3524, 2719, 2716, 2717, 2718), 'T1091': (3284, 3283, 3282, 2236, 2162, 3281), 'T1120': (2311, 3461, 3464, 3463, 2312, 3462), 'T321': (2763, 2583, 3599, 3598, 2491, 2492, 2493), 'T1464': (2208, 2207, 3312, 3313, 3314), 'T302': (3371, 2507, 2581, 3374, 3372, 3373), 'T1446': (2389, 2610, 3688, 3689, 2613, 2611, 2612)}, 'chain_break_method': 'majority_vote', 'embedding_parameters': {}, 'chain_strength': 0.001091064771939024}","[{'type': <class 'dwave.system.warnings.ChainLengthWarning'>, 'message': 'Chain length greater than 7', 'level': 30, 'data': {'target_variables': (3764, 3763, 3793, 2509, 3733, 2596, 2597, 2598), 'source_variables': ['T1642']}}, {'type': <class 'dwave.system.warnings.ChainBreakWarning'>, 'message': 'Lowest-energy samples contain a broken chain', 'level': 40, 'data': {'target_variables': (2296, 2298, 2297, 3389, 3386, 3388, 3387), 'source_variables': ['T846'], 'sample_index': 0}}, {'type': <class 'dwave.system.warnings.ChainBreakWarning'>, 'message': 'Lowest-energy samples contain a broken chain', 'level': 40, 'data': {'target_variables': (3284, 3283, 3282, 2236, 2162, 3281), 'source_variables': ['T1091'], 'sample_index': 0}}, {'type': <class 'UserWarning'>, 'message': 'All samples have broken chains', 'level': 30, 'data': {}}]"
2,2,"[780, 804, 692, 191, 325, 137, 1574, 1361, 397, 669, 1076, 209, 1557, 1068, 1137, 1229, 1091, 1545, 1348, 48, 866, 482, 1629, 1071, 973, 123, 1166, 976, 869, 928, 1619, 578, 708, 547, 592, 1036, 231, 759, 702, 160]","[1068, 1071, 1229, 1629, 973, 976]",6,"[75418.0, 74619.0, 110236.0, 860832.0, 102584.0, 135522.0]","[1.0, 1.0, 1.0, 1.0, 0.7, 1.0]",0.0214908188914262,213,15.27938151359558,15.24657834359558,13.298028469085692,"{'qpu_sampling_time': 17044.0, 'qpu_anneal_time_per_sample': 20.0, 'qpu_readout_time_per_sample': 129.9, 'qpu_access_time': 32803.17, 'qpu_access_overhead_time': 819.83, 'qpu_programming_time': 15759.17, 'qpu_delay_time_per_sample': 20.54, 'total_post_processing_time': 2067.0, 'post_processing_overhead_time': 2067.0}",16d4075b-d059-4e38-927c-b25ddd10bd39,"{'embedding': {'T804': (4219, 876, 875, 873, 874), 'T780': (590, 3695, 3694, 3693, 589), 'T692': (679, 680, 681, 4188, 4189), 'T191': (3769, 514, 3768, 3767), 'T325': (952, 3649, 3964, 951, 949, 950), 'T137': (3963, 3679, 3978, 757, 756, 754, 755), 'T1574': (3919, 649, 3917, 3918), 'T1361': (3619, 801, 800, 799, 798, 3573, 843), 'T397': (4129, 4128, 4098, 709, 710, 711), 'T669': (3708, 860, 3710, 859, 3709), 'T1076': (3815, 3812, 3813, 3814), 'T209': (1100, 3860, 3859, 3857, 3858), 'T1557': (831, 830, 828, 829), 'T1068': (888, 889, 4008, 4009, 891, 890), 'T1137': (3724, 3723, 3722, 530, 529), 'T1229': (454, 3785, 484, 3782, 3784, 3783), 'T1091': (813, 816, 815, 814), 'T1545': (4040, 574, 741, 4039, 4038, 576, 575), 'T1348': (3992, 633, 3994, 634, 635, 3993), 'T48': (1009, 3890, 3889, 3887, 3888), 'T866': (4159, 664, 665, 666, 4158), 'T482': (4114, 4113, 694, 695, 696), 'T1629': (4173, 4174, 963, 964, 965, 966), 'T1071': (3845, 3844, 724, 725, 3843), 'T973': (4025, 844, 4023, 4024, 845), 'T123': (3739, 3737, 740, 739, 3738), 'T1166': (978, 981, 979, 3979, 980), 'T976': (922, 4099, 921, 3664, 919, 920), 'T869': (937, 3633, 3634, 936, 934, 935), 'T928': (3872, 3875, 604, 3874, 3873), 'T1619': (4070, 861, 783, 784, 785, 4069), 'T578': (3751, 469, 3797, 3799, 3798), 'T708': (4249, 907, 904, 906, 905), 'T547': (769, 4055, 770, 771, 846, 4054), 'T592': (3800, 3947, 3948, 3949, 1025, 1024), 'T1036': (4205, 618, 4204, 619, 620, 621, 4203), 'T231': (3934, 3933, 3932, 3842, 545), 'T759': (559, 560, 3902, 3904, 3903), 'T702': (3827, 3828, 3830, 3829), 'T160': (1040, 1039, 3752, 3754, 3753)}, 'chain_break_method': 'majority_vote', 'embedding_parameters': {}, 'chain_strength': 0.0010528333730557933}",[]
3,3,"[88, 509, 711, 525, 1212, 543, 1086, 1481, 680, 1606, 913, 1168, 925, 441, 1300, 996, 1138, 722, 462, 125, 403, 305, 1268, 1311, 944, 745, 611, 373, 1129, 1466, 433, 1588, 110, 984, 1158, 692, 1230, 995, 243, 1181]","[1138, 1168, 1230, 1606, 984]",5,"[104564.0, 101061.0, 110715.0, 108582.0, 345042.0]","[0.625, 0.6, 1.0, 0.7857142857142857, 0.7272727272727273]",0.024957122529253,208,10.053480625152588,10.025487055152588,8.064144611358643,"{'qpu_sampling_time': 12236.0, 'qpu_anneal_time_per_sample': 20.0, 'qpu_readout_time_per_sample': 81.82, 'qpu_access_time': 27993.57, 'qpu_access_overhead_time': 2602.43, 'qpu_programming_time': 15757.57, 'qpu_delay_time_per_sample': 20.54, 'total_post_processing_time': 1945.0, 'post_processing_overhead_time': 1945.0}",89ee8c87-6239-48b0-9909-817fb28abb4f,"{'embedding': {'T509': (1600, 4790, 4791, 4793, 4792), 'T88': (1058, 4490, 4492, 1330, 1329, 1328, 4491), 'T711': (4928, 1404, 1405, 4926, 4927), 'T525': (5002, 1525, 1523, 1524), 'T1212': (1645, 4748, 4745, 4747, 4746), 'T543': (1301, 4627, 1300, 4626, 1299), 'T1086': (4477, 4476, 1343, 1345, 1344), 'T1481': (1406, 5047, 1493, 1496, 1495, 1494), 'T680': (4763, 1630, 4760, 4761, 4762), 'T1606': (1089, 4654, 4655, 4656, 1554, 4657), 'T913': (4447, 1481, 1478, 1480, 1479), 'T1168': (4552, 1391, 1390, 1389, 1388), 'T925': (4595, 4598, 4597, 4596, 1193, 1194), 'T441': (1209, 1225, 1224, 4642, 4641, 4640), 'T1300': (4819, 4822, 1105, 4821, 4820), 'T996': (1284, 4987, 4986, 5001, 1285, 1286), 'T1138': (4432, 4372, 1451, 1448, 1450, 1449), 'T722': (1014, 4687, 4686, 4685), 'T462': (1254, 1195, 1255, 4912, 4911), 'T125': (4613, 4612, 1060, 4611, 4610, 1059), 'T403': (4804, 4808, 4807, 4805, 4806), 'T305': (1150, 4672, 1149, 4670, 4671), 'T1268': (955, 4778, 4775, 4777, 4776), 'T1311': (4882, 4880, 1134, 4881, 1135), 'T944': (1418, 1421, 1420, 1419), 'T745': (4941, 1239, 1240, 4837, 4836), 'T611': (1510, 4537, 1508, 1509), 'T373': (4943, 1314, 1315, 1316, 4942), 'T1129': (1044, 4732, 4731, 1045, 4730), 'T1466': (1119, 4852, 1120, 4851, 4849, 4850), 'T433': (4568, 4567, 1375, 1373, 1374), 'T1588': (4522, 1360, 1359, 1358), 'T110': (4897, 4865, 1029, 4896, 4895, 1030), 'T984': (4506, 4507, 1436, 1433, 1434, 1435), 'T1158': (1539, 4718, 4715, 4716, 4717), 'T692': (1271, 4867, 4866, 1269, 1270), 'T1230': (4583, 4582, 1466, 1464, 1465), 'T995': (4973, 1179, 4972, 4971, 4835, 1180), 'T243': (1163, 1164, 1165, 4956, 4958, 4957), 'T1181': (999, 4702, 4700, 4701)}, 'chain_break_method': 'majority_vote', 'embedding_parameters': {}, 'chain_strength': 0.0010577474161891204}","[{'type': <class 'dwave.system.warnings.ChainBreakWarning'>, 'message': 'Lowest-energy samples contain a broken chain', 'level': 40, 'data': {'target_variables': (1058, 4490, 4492, 1330, 1329, 1328, 4491), 'source_variables': ['T88'], 'sample_index': 0}}, {'type': <class 'dwave.system.warnings.ChainBreakWarning'>, 'message': 'Lowest-energy samples contain a broken chain', 'level': 40, 'data': {'target_variables': (4447, 1481, 1478, 1480, 1479), 'source_variables': ['T913'], 'sample_index': 0}}, {'type': <class 'dwave.system.warnings.ChainBreakWarning'>, 'message': 'Lowest-energy samples contain a broken chain', 'level': 40, 'data': {'target_variables': (4432, 4372, 1451, 1448, 1450, 1449), 'source_variables': ['T1138'], 'sample_index': 0}}, {'type': <class 'dwave.system.warnings.ChainBreakWarning'>, 'message': 'Lowest-energy samples contain a broken chain', 'level': 40, 'data': {'target_variables': (4568, 4567, 1375, 1373, 1374), 'source_variables': ['T433'], 'sample_index': 0}}, {'type': <class 'dwave.system.warnings.ChainBreakWarning'>, 'message': 'Lowest-energy samples contain a broken chain', 'level': 40, 'data': {'target_variables': (4506, 4507, 1436, 1433, 1434, 1435), 'source_variables': ['T984'], 'sample_index': 0}}, {'type': <class 'UserWarning'>, 'message': 'All samples have broken chains', 'level': 30, 'data': {}}]"
4,4,"[255, 492, 199, 831, 412, 486, 322, 856, 1157, 699, 1221, 1105, 1549, 1538, 1651, 246, 1271, 1310, 417, 264, 781, 1215, 1493, 702, 1019, 1093, 1362, 888, 48, 68, 909, 571, 1429, 1655, 996, 297, 1018, 310, 478, 272]","[1019, 1157, 1221, 1651, 1655, 272]",6,"[61541.0, 102730.0, 104393.0, 593688.0, 75261.0, 56225.0]","[1.0, 0.8, 0.7142857142857143, 1.0, 0.7142857142857143, 1.0]",0.0263156940152485,221,9.940352439880373,9.914250069880373,8.15968942642212,"{'qpu_sampling_time': 10344.0, 'qpu_anneal_time_per_sample': 20.0, 'qpu_readout_time_per_sample': 62.9, 'qpu_access_time': 26102.37, 'qpu_access_overhead_time': 1874.63, 'qpu_programming_time': 15758.37, 'qpu_delay_time_per_sample': 20.54, 'total_post_processing_time': 325.0, 'post_processing_overhead_time': 325.0}",51f9bc3f-8d89-4e96-9ebf-5b2accee322f,"{'embedding': {'T492': (3312, 3311, 3310, 1906, 1908, 1907), 'T255': (3563, 3564, 3566, 3565), 'T199': (1878, 1877, 3461, 3460, 3459), 'T831': (3492, 3491, 2029, 2028, 2027), 'T412': (2267, 3416, 1787, 3414, 3415), 'T486': (1936, 1937, 1939, 3640, 3641, 1938), 'T322': (1893, 1892, 1891, 3296, 3295), 'T856': (1833, 3507, 3504, 3506, 3505), 'T1157': (3401, 3806, 2236, 2237, 2238, 2239), 'T699': (3326, 2074, 2071, 2072, 2073), 'T1221': (2119, 2118, 2116, 2117), 'T1105': (3161, 2178, 2179, 2176, 2177), 'T1549': (1713, 3446, 1712, 3445, 3444), 'T1538': (3476, 1803, 3474, 3475), 'T1651': (2297, 3684, 2298, 3685, 3686, 3477, 3687), 'T246': (2103, 2101, 3400, 3341, 2102), 'T1271': (3220, 3221, 3821, 2221, 2222, 2223, 2224), 'T1310': (3249, 1861, 3522, 1863, 3521, 3520, 1862), 'T417': (3761, 2012, 2013, 2014, 3760), 'T264': (3610, 2194, 2192, 3611, 2193), 'T781': (3431, 3430, 3429, 1728, 1727), 'T1215': (1772, 3626, 1773, 3384, 3625, 3624), 'T1493': (3836, 2165, 2164, 2162, 2163), 'T702': (3851, 3731, 2146, 2149, 2148, 2147), 'T1019': (3746, 3745, 2043, 2041, 2042), 'T1093': (3548, 3551, 3550, 3549), 'T1362': (2282, 2283, 1638, 3593, 3594, 3596, 3595), 'T888': (2268, 1653, 3578, 3581, 3579, 3580), 'T48': (3609, 1788, 3672, 3671, 3670, 3669), 'T68': (3357, 1923, 3356, 3355, 1922), 'T909': (1982, 1983, 3700, 3776, 3775, 1984), 'T571': (1954, 1951, 3386, 3385, 1953, 1952), 'T1429': (2161, 2209, 2208, 2207, 3266, 2206), 'T1655': (3490, 1997, 1998, 3791, 3790, 1999), 'T996': (2089, 2086, 3701, 2087, 2088), 'T297': (3534, 3537, 1848, 3536, 3535), 'T1018': (3339, 3340, 3371, 3370, 1968, 1967), 'T310': (2131, 2134, 3656, 2132, 2133), 'T478': (3354, 1921, 1743, 1742, 3281, 3280, 3279, 1741), 'T272': (3715, 3717, 3716, 2059, 2056, 2057, 2058)}, 'chain_break_method': 'majority_vote', 'embedding_parameters': {}, 'chain_strength': 0.0010801407604977555}","[{'type': <class 'dwave.system.warnings.ChainLengthWarning'>, 'message': 'Chain length greater than 7', 'level': 30, 'data': {'target_variables': (3354, 1921, 1743, 1742, 3281, 3280, 3279, 1741), 'source_variables': ['T478']}}]"
5,5,"[1530, 1580, 784, 1599, 218, 1320, 246, 1116, 1140, 818, 973, 485, 1001, 453, 1246, 624, 1439, 919, 132, 1583, 907, 1276, 1312, 631, 1163, 244, 1348, 1384, 1481, 717, 1251, 61, 380, 1398, 388, 79, 1476, 366, 880, 845]","[1140, 1163, 1276, 1439, 1599, 973]",6,"[105943.0, 103276.0, 55118.0, 75331.0, 293464.0, 102584.0]","[0.75, 0.631578947368421, 1.0, 0.75, 0.6428571428571429, 0.7]",0.0290756477917994,228,11.308626651763916,11.280246681763916,9.240858316421509,"{'qpu_sampling_time': 12622.0, 'qpu_anneal_time_per_sample': 20.0, 'qpu_readout_time_per_sample': 85.68, 'qpu_access_time': 28379.97, 'qpu_access_overhead_time': 1141.03, 'qpu_programming_time': 15757.97, 'qpu_delay_time_per_sample': 20.54, 'total_post_processing_time': 322.0, 'post_processing_overhead_time': 322.0}",9b66dd4d-3943-45da-af42-921d4e1b6cc5,"{'embedding': {'T1580': (1156, 888, 887, 3364, 3366, 3365), 'T1530': (3307, 1293, 1292, 1291, 3109, 3111, 3110), 'T784': (782, 3408, 857, 856, 3274, 3276, 3275), 'T1599': (3322, 975, 3321, 3320, 978, 977, 976), 'T218': (3574, 3591, 3590, 3589, 917, 918), 'T1320': (1129, 1128, 1127, 3259, 3260, 1126), 'T246': (1143, 1140, 1141, 1142), 'T1116': (813, 842, 843, 3621, 3620, 3619), 'T1140': (812, 811, 3409, 3291, 3290, 902, 3289), 'T818': (3544, 1307, 1308, 3545, 3546), 'T973': (873, 1005, 3378, 1006, 872, 3380, 3379), 'T485': (3200, 1065, 1068, 1067, 1066), 'T1001': (1050, 1053, 3185, 1052, 1051), 'T453': (3426, 3424, 1157, 3425), 'T1246': (858, 3532, 3529, 3530, 3531), 'T624': (3125, 3126, 3096, 1233, 1232, 1231, 1230), 'T1439': (3665, 3666, 3066, 1200, 1201, 1202, 1203, 3575), 'T919': (3244, 3246, 3245, 993, 990, 992, 991), 'T132': (1367, 3561, 3558, 3559, 3560), 'T1583': (3442, 1352, 3396, 3393, 3394, 3395), 'T907': (1095, 1038, 1037, 3065, 1035, 1036), 'T1276': (3140, 1263, 1262, 1261, 3141), 'T1312': (1458, 3502, 3499, 3501, 3500), 'T631': (1337, 903, 3456, 3455, 3454), 'T1163': (3156, 3155, 933, 932, 931), 'T244': (1185, 1186, 3650, 1187, 1188, 3711, 1158), 'T1348': (3352, 1218, 3350, 961, 3351, 1217), 'T1384': (3095, 1084, 1083, 1081, 1082), 'T1481': (3576, 3335, 1246, 1248, 3336, 1247), 'T717': (3410, 1096, 1098, 1097), 'T1251': (3604, 1321, 3636, 1322, 3605, 3606, 1323), 'T61': (3517, 3516, 3514, 3515), 'T380': (871, 3214, 1173, 3215, 1170, 1172, 1171), 'T1398': (1155, 3171, 1113, 1112, 1111), 'T388': (3230, 3229, 948, 947, 946), 'T79': (1278, 1277, 3305, 1216, 3306), 'T1476': (827, 3439, 3441, 3440), 'T366': (963, 962, 3487, 3484, 3486, 3485), 'T880': (1008, 3469, 3471, 1007, 3470), 'T845': (3635, 1023, 3170, 960, 1021, 1022)}, 'chain_break_method': 'majority_vote', 'embedding_parameters': {}, 'chain_strength': 0.001095372391951829}","[{'type': <class 'dwave.system.warnings.ChainLengthWarning'>, 'message': 'Chain length greater than 7', 'level': 30, 'data': {'target_variables': (3665, 3666, 3066, 1200, 1201, 1202, 1203, 3575), 'source_variables': ['T1439']}}]"
6,6,"[830, 634, 977, 126, 939, 1291, 152, 666, 1497, 1238, 1161, 206, 1080, 237, 793, 1044, 316, 116, 164, 1386, 1093, 849, 912, 1193, 226, 935, 1564, 144, 752, 1028, 787, 1646, 1500, 931, 774, 1376, 124, 1054, 792, 680]","[1161, 1238, 1291, 164, 912, 931]",6,"[103574.0, 105329.0, 97915.0, 89267.0, 55586.0, 67183.0]","[0.7368421052631579, 1.0, 0.9333333333333332, 0.8461538461538461, 0.7142857142857143, 1.0]",0.019363062835256,200,7.795905351638794,7.766652581638794,5.677404880523682,"{'qpu_sampling_time': 13494.0, 'qpu_anneal_time_per_sample': 20.0, 'qpu_readout_time_per_sample': 94.4, 'qpu_access_time': 29252.77, 'qpu_access_overhead_time': 4811.23, 'qpu_programming_time': 15758.77, 'qpu_delay_time_per_sample': 20.54, 'total_post_processing_time': 432.0, 'post_processing_overhead_time': 432.0}",011bdce2-e991-4c6c-8991-6b0602fda9bb,"{'embedding': {'T634': (1843, 5352, 5349, 5350, 5351), 'T830': (4916, 2173, 2172, 2171), 'T977': (1917, 1918, 5232, 5230, 5231), 'T126': (1903, 1902, 5247, 5245, 5246), 'T939': (5323, 1948, 5322, 5320, 5321), 'T1291': (5394, 1993, 5397, 5396, 5395), 'T152': (2308, 5021, 2306, 2307), 'T666': (5379, 2488, 5382, 5381, 5380), 'T1497': (2053, 5291, 2052, 5290, 5292, 5293), 'T1238': (5426, 2008, 5425, 5427), 'T1161': (2189, 2111, 2110, 5441, 2113, 5442, 2112), 'T206': (1887, 5364, 5366, 5367, 5365), 'T1080': (1858, 5308, 5307, 5305, 5306), 'T237': (2140, 2143, 2141, 2142), 'T793': (1933, 1932, 5277, 5275, 5276), 'T1044': (5113, 2038, 2037, 5111, 5112), 'T316': (5338, 5337, 5335, 5336), 'T116': (2155, 2156, 2158, 2157), 'T164': (2367, 2368, 5082, 5081), 'T1386': (2278, 4991, 2275, 2277, 2276), 'T1093': (1978, 1977, 5216, 5215, 5217), 'T849': (2263, 2262, 2261, 5097, 5096), 'T912': (4841, 2230, 2233, 2232, 2231), 'T1193': (5022, 4946, 4947, 2353, 2352, 2351), 'T226': (5066, 2428, 2427, 5067, 2426), 'T935': (2126, 2128, 2127, 5142, 5141), 'T1564': (4901, 2186, 2188, 2187), 'T144': (2383, 5187, 2051, 5185, 2382, 5186), 'T752': (1963, 1962, 2397, 5172, 5170, 5171), 'T1028': (5457, 5456, 2080, 2081, 2083, 2082), 'T787': (2338, 2337, 5158, 5156, 5157), 'T1646': (5128, 2023, 2022, 5126, 5127), 'T1500': (2398, 5262, 5260, 5261), 'T931': (4932, 4931, 2218, 2216, 2217), 'T774': (2067, 2068, 5202, 5200, 5201), 'T1376': (2336, 2413, 2412, 2411, 5051, 5052), 'T124': (5410, 5412, 2203, 5411), 'T1054': (4961, 2320, 4962, 2323, 2322, 2321), 'T792': (5036, 2293, 2292, 2291, 2290), 'T680': (5007, 5006, 2248, 2247, 2246, 2245)}, 'chain_break_method': 'majority_vote', 'embedding_parameters': {}, 'chain_strength': 0.0010422002882429758}",[]
7,7,"[994, 528, 436, 695, 246, 1030, 1211, 902, 1504, 1197, 499, 1140, 947, 502, 650, 652, 1419, 1461, 1465, 539, 1053, 1449, 1028, 1390, 1494, 814, 272, 715, 388, 1429, 613, 1495, 1172, 676, 1496, 1339, 359, 1404, 1630, 1659]","[1172, 1449, 1461, 1465, 1630, 272]",6,"[100542.0, 55867.0, 82681.0, 74634.0, 715030.0, 56225.0]","[0.75, 1.0, 0.7777777777777778, 0.9166666666666666, 1.0, 1.0]",0.0226608203109438,217,10.653340578079224,10.625251808079224,8.834389448165894,"{'qpu_sampling_time': 12330.0, 'qpu_anneal_time_per_sample': 20.0, 'qpu_readout_time_per_sample': 82.76, 'qpu_access_time': 28088.77, 'qpu_access_overhead_time': 2053.23, 'qpu_programming_time': 15758.77, 'qpu_delay_time_per_sample': 20.54, 'total_post_processing_time': 260.0, 'post_processing_overhead_time': 260.0}",73016ef9-65fc-4c8c-b7e7-c97df8886c5d,"{'embedding': {'T528': (1278, 1275, 1277, 1276), 'T994': (1515, 1290, 3082, 3080, 3081), 'T436': (1636, 3128, 3125, 3126, 3127), 'T695': (1005, 3155, 3156, 3158, 3157), 'T246': (2991, 1233, 1230, 3501, 1231, 1232), 'T1030': (3170, 3173, 3171, 1441, 3172), 'T1211': (3109, 1020, 3112, 3111, 3110), 'T902': (1215, 3307, 976, 1216, 3305, 3306), 'T1504': (1500, 1501, 3230, 3231, 3232), 'T1197': (3531, 3532, 3395, 1185, 1186, 1187), 'T499': (3217, 1095, 3216, 1096, 3215), 'T1140': (3245, 3246, 3247, 1471, 1470), 'T947': (3560, 3561, 1335, 1336, 1337), 'T502': (1486, 3187, 1021, 3186, 3185, 3184), 'T650': (3442, 3441, 1307, 1305, 1306), 'T652': (3097, 3096, 990, 3095), 'T1419': (1560, 1561, 3200, 1291, 3202, 3201), 'T1461': (3576, 1293, 1425, 3502, 1427, 1426), 'T1465': (1050, 3292, 3291, 3290, 1051), 'T539': (3007, 1113, 1112, 1111, 1110, 3005, 3006), 'T1053': (3140, 1126, 3143, 3142, 3141), 'T1449': (3352, 1365, 3380, 3381, 1366), 'T1028': (3426, 3427, 1455, 1456, 3397, 1457), 'T1390': (3457, 1410, 1411, 3486, 3487, 1412), 'T1494': (1367, 1395, 3517, 3396, 1397, 1396), 'T814': (1203, 1202, 1201, 2977, 2976, 1200), 'T272': (1380, 1381, 3321, 3322), 'T715': (3471, 3516, 1170, 1171, 3410, 1172), 'T388': (3214, 1035, 3199, 1036, 3262, 3261, 3260), 'T1429': (3335, 3337, 1140, 1141, 3336), 'T613': (1248, 3351, 1245, 1246, 1247), 'T1495': (1083, 1082, 1081, 1080, 3020, 3022, 3021), 'T1172': (3545, 1350, 1351, 3546, 1352), 'T676': (3065, 1530, 3068, 3066, 3067), 'T1496': (960, 3049, 3052, 3051, 1125, 3050), 'T1339': (975, 3034, 3037, 1545, 3036, 3035), 'T359': (1442, 3277, 3276, 3275, 1065, 1066), 'T1404': (1263, 1260, 1262, 1261), 'T1630': (1382, 1155, 3366, 1157, 3365, 1156), 'T1659': (3455, 3456, 1320, 1321, 1322)}, 'chain_break_method': 'majority_vote', 'embedding_parameters': {}, 'chain_strength': 0.0010727411906699728}",[]
8,8,"[282, 1096, 769, 862, 880, 1451, 551, 11, 839, 530, 126, 566, 475, 464, 213, 189, 1087, 1193, 1103, 1425, 1654, 725, 719, 281, 1228, 1108, 1086, 293, 867, 90, 1165, 1051, 308, 252, 720, 1610, 1587, 61, 1245, 1491]","[1087, 1108, 1165, 1228, 1451, 1654, 282, 839]",8,"[105447.0, 102374.0, 106431.0, 74889.0, 629884.0, 692692.0, 55351.0, 56937.0]","[0.5882352941176471, 0.75, 0.9047619047619048, 0.6666666666666666, 1.0, 1.0, 0.8275862068965517, 1.0]",0.0358652835333564,209,9.9398934841156,9.906859114115601,7.710618495941162,"{'qpu_sampling_time': 17276.0, 'qpu_anneal_time_per_sample': 20.0, 'qpu_readout_time_per_sample': 132.22, 'qpu_access_time': 33034.37, 'qpu_access_overhead_time': 3557.63, 'qpu_programming_time': 15758.37, 'qpu_delay_time_per_sample': 20.54, 'total_post_processing_time': 284.0, 'post_processing_overhead_time': 284.0}",e0d5e939-ec3f-4869-8694-852076ecfd46,"{'embedding': {'T1096': (3620, 3619, 3604, 846, 843, 844, 845), 'T282': (3710, 800, 799, 3798, 3709, 769), 'T769': (948, 951, 950, 3695, 3649, 949), 'T862': (619, 3875, 3873, 3874), 'T880': (4175, 4174, 891, 888, 889, 890), 'T1451': (1085, 3980, 3977, 3979, 3978), 'T551': (816, 1084, 3800, 815, 814, 3799), 'T11': (1008, 1011, 1010, 1009), 'T839': (831, 830, 3589, 829, 828, 3588), 'T530': (3815, 3814, 726, 725, 3813), 'T126': (4159, 934, 935, 4084, 936), 'T566': (3950, 3947, 3949, 695, 3948), 'T475': (904, 4145, 905, 906, 4143, 4144), 'T464': (485, 3890, 3889, 3888, 3887), 'T213': (963, 966, 965, 4205, 964), 'T189': (876, 875, 3724, 873, 874), 'T1087': (3812, 545, 3965, 3964, 3962, 3963), 'T1193': (771, 3830, 3829, 770, 3828), 'T1103': (634, 635, 4055, 4054, 4053), 'T1425': (650, 649, 3785, 3784, 3783), 'T1654': (1100, 1101, 4068, 4069, 4070), 'T725': (3992, 3995, 3994, 665, 3993), 'T719': (4129, 754, 755, 4128, 756), 'T281': (861, 3739, 860, 859, 3738), 'T1228': (3905, 3904, 530, 3902, 3903), 'T1108': (1023, 1026, 1024, 3934, 1025), 'T1086': (455, 1070, 4022, 4025, 4024, 4023), 'T293': (3635, 1041, 1038, 1039, 1040), 'T867': (3665, 3664, 785, 784, 783), 'T90': (4113, 4114, 921, 919, 920), 'T1165': (3845, 3844, 591, 590, 3843), 'T1051': (3574, 981, 978, 979, 980), 'T308': (996, 995, 3680, 994, 993), 'T252': (604, 4099, 4098, 4097, 605), 'T720': (741, 3754, 3753, 740, 739), 'T1610': (620, 4037, 4040, 4039, 4038), 'T1587': (3920, 3919, 3918, 515, 3917), 'T61': (1055, 4010, 4007, 4008, 4009), 'T1245': (576, 3860, 3859, 3858, 575), 'T1491': (3769, 3768, 711, 710, 3723, 709)}, 'chain_break_method': 'majority_vote', 'embedding_parameters': {}, 'chain_strength': 0.0011332791668225495}","[{'type': <class 'dwave.system.warnings.ChainStrengthWarning'>, 'message': 'Some quadratic biases are stronger than the given chain strength', 'level': 30, 'data': {'source_interactions': [('T1654', 'T1451')]}}]"
9,9,"[1515, 1548, 1082, 115, 1575, 1413, 274, 1225, 1577, 1411, 845, 968, 876, 1029, 179, 1129, 1100, 856, 1132, 851, 1458, 521, 1201, 1111, 565, 1393, 588, 1374, 1268, 60, 217, 667, 155, 1276, 1542, 987, 1607, 939, 1323, 693]","[1111, 1225, 1276, 1607, 856, 968, 987]",7,"[104124.0, 184483.0, 55118.0, 591670.0, 56454.0, 108727.0, 169727.0]","[0.8125, 1.0, 1.0, 1.0, 0.6875, 1.0, 1.0]",0.0377108526255439,211,12.327090978622437,12.297787008622436,10.413665056228638,"{'qpu_sampling_time': 13546.0, 'qpu_anneal_time_per_sample': 20.0, 'qpu_readout_time_per_sample': 94.92, 'qpu_access_time': 29303.97, 'qpu_access_overhead_time': 2146.03, 'qpu_programming_time': 15757.97, 'qpu_delay_time_per_sample': 20.54, 'total_post_processing_time': 300.0, 'post_processing_overhead_time': 300.0}",22def1b8-cc7c-4d9b-ba4f-5b4952e9489c,"{'embedding': {'T1548': (4766, 1842, 4765, 1841, 4734, 1840), 'T1515': (1705, 1630, 4856, 4853, 4855, 4854), 'T1082': (2063, 2093, 4630, 1961, 1959, 1960), 'T115': (4913, 1631, 5036, 5035, 5033, 1901, 5034), 'T1575': (5230, 2067, 2066, 2064, 2065), 'T1413': (4898, 2216, 4901, 4899, 4900), 'T274': (4930, 4928, 4931, 1661, 4929), 'T1225': (1826, 1825, 1824, 4660, 1827, 4659), 'T1577': (1735, 1736, 5126, 1812, 5125, 5124), 'T1411': (1871, 1870, 1734, 4706, 4705, 4704, 1869), 'T845': (1990, 1991, 5049, 5051, 5050), 'T968': (4977, 4974, 4975, 2156, 4976), 'T876': (1884, 5111, 5110, 1886, 1885), 'T1029': (4736, 1916, 1915, 1914, 4735), 'T179': (1750, 1751, 5081, 5080, 5079, 1766), 'T1129': (5169, 2094, 5170, 2096, 2095), 'T1100': (2185, 2186, 5064, 5065, 5066), 'T856': (4811, 4810, 1781, 1780, 4809), 'T1132': (2034, 2037, 2036, 2035), 'T851': (4884, 4886, 1900, 4885), 'T1458': (1974, 5245, 1975, 5140, 1976, 1977), 'T521': (4841, 4840, 4839, 1690, 4838), 'T1201': (4675, 2078, 5141, 2079, 2080, 2081), 'T1111': (1720, 2230, 4869, 4870, 2231, 4871), 'T565': (4826, 1796, 4825, 1795, 4824), 'T1393': (2171, 2155, 4944, 4945, 4946), 'T588': (4991, 4990, 4988, 4989), 'T1374': (1944, 5094, 5096, 1945, 1946, 5095), 'T1268': (4555, 2004, 2007, 2006, 2005), 'T60': (2306, 4962, 4959, 4960, 4961), 'T217': (1929, 1857, 1856, 4751, 1855, 4750), 'T667': (4794, 4795, 2141, 4796, 2140), 'T155': (4690, 2052, 2049, 2051, 2050), 'T1276': (4916, 1811, 1765, 4915, 4914), 'T1542': (2022, 2019, 2020, 2021), 'T987': (2109, 2110, 5185, 2111, 2112), 'T1607': (5018, 5019, 2200, 5020, 5021, 2201), 'T939': (5003, 5004, 5006, 5005), 'T1323': (5215, 2127, 2124, 2125, 2126), 'T693': (1899, 1931, 1930, 4781, 4780)}, 'chain_break_method': 'majority_vote', 'embedding_parameters': {}, 'chain_strength': 0.0011700014032971322}","[{'type': <class 'dwave.system.warnings.ChainStrengthWarning'>, 'message': 'Some quadratic biases are stronger than the given chain strength', 'level': 30, 'data': {'source_interactions': [('T1607', 'T1458')]}}]"
10,10,"[373, 1028, 626, 68, 1169, 609, 577, 429, 789, 182, 65, 1099, 1346, 223, 1608, 4, 240, 1384, 685, 1612, 1592, 378, 1072, 848, 1224, 1330, 1589, 1398, 1507, 757, 1496, 1562, 598, 1278, 1651, 904, 274, 250, 1411, 1656]","[1072, 1099, 1169, 1651, 1656, 904]",6,"[64094.0, 104558.0, 106758.0, 593688.0, 62898.0, 53276.0]","[1.0, 0.6666666666666666, 0.9, 1.0, 0.5, 0.7142857142857143]",0.0285286145312018,215,10.094959497451782,10.066467527451783,8.08800196647644,"{'qpu_sampling_time': 12734.0, 'qpu_anneal_time_per_sample': 20.0, 'qpu_readout_time_per_sample': 86.8, 'qpu_access_time': 28491.97, 'qpu_access_overhead_time': 2659.03, 'qpu_programming_time': 15757.97, 'qpu_delay_time_per_sample': 20.54, 'total_post_processing_time': 254.0, 'post_processing_overhead_time': 254.0}",2a8e1a63-a1cd-4e93-bd11-fb22e15414a7,"{'embedding': {'T1028': (4955, 4914, 1106, 4910, 4913, 4912, 4911), 'T373': (1631, 5031, 5032, 1751, 5033), 'T626': (1136, 4928, 4927, 4926, 1254, 1255), 'T68': (1271, 4761, 4626, 1269, 1270), 'T1169': (4536, 1496, 1495, 1494, 4537), 'T609': (1256, 5018, 5017, 5015, 5016), 'T577': (1569, 4642, 1286, 1285, 1284, 4641), 'T429': (1436, 4612, 1435, 4627, 1434), 'T789': (5077, 1403, 1406, 1405, 1404), 'T182': (1388, 1389, 4522, 1391, 1390), 'T65': (1766, 4806, 4807, 1765, 1630, 4808), 'T1099': (5049, 5046, 1646, 5047, 5048), 'T1346': (4656, 4657, 1586, 1585, 1584), 'T223': (1316, 4597, 4598, 1315, 1314), 'T1608': (5092, 1361, 1358, 1359, 1360), 'T4': (1151, 4944, 4943, 4942, 4941, 1150), 'T240': (4701, 1526, 1525, 1524, 4702), 'T1384': (5030, 1181, 1180, 4866, 4868, 4867), 'T685': (1328, 4671, 1331, 1330, 1329), 'T1612': (4791, 1601, 1600, 1645, 4792, 4793), 'T1592': (1343, 4747, 1346, 1345, 1344), 'T378': (1376, 1373, 1375, 1374), 'T1072': (4716, 1705, 1704, 1706, 4718, 4717), 'T848': (4823, 4822, 4821, 1241, 1239, 1240), 'T1224': (1720, 4851, 4852, 1661, 1660, 4853), 'T1330': (1211, 4956, 4959, 4958, 4957), 'T1589': (4686, 4687, 1511, 1510, 1509), 'T1398': (1464, 5063, 1465, 5061, 1466, 5062), 'T1507': (4985, 4988, 4987, 4986), 'T757': (1599, 1541, 1540, 1539, 4762, 4763), 'T1496': (4731, 4732, 4733, 1675, 1676), 'T1562': (5003, 5002, 5000, 5001), 'T598': (4551, 1481, 4552, 1480, 1479), 'T1278': (4776, 4672, 1421, 1419, 4777, 1420), 'T1651': (4971, 4972, 1571, 1811, 4974, 4973), 'T904': (4581, 4582, 1451, 1450, 1449), 'T274': (1570, 1121, 4895, 4898, 4896, 4897), 'T250': (4880, 1691, 1690, 4881, 4882, 4883), 'T1411': (1418, 1301, 4567, 1299, 1300), 'T1656': (4703, 1556, 4836, 1554, 1555, 4837)}, 'chain_break_method': 'majority_vote', 'embedding_parameters': {}, 'chain_strength': 0.0010977561613686915}",[]
11,11,"[1179, 291, 258, 912, 1153, 941, 602, 1017, 670, 1636, 1190, 701, 1390, 1543, 278, 697, 619, 1191, 50, 392, 402, 1158, 212, 1615, 571, 939, 944, 143, 799, 158, 1110, 1629, 899, 699, 252, 91, 726, 155, 34, 361]","[1017, 1191, 1629, 402, 50, 912]",6,"[71854.0, 105916.0, 860832.0, 57113.0, 59629.0, 55586.0]","[1.0, 0.7368421052631579, 1.0, 1.0, 0.7037037037037037, 0.7142857142857143]",0.0235549565355239,193,8.7020263671875,8.6736859971875,6.3879029750823975,"{'qpu_sampling_time': 12582.0, 'qpu_anneal_time_per_sample': 20.0, 'qpu_readout_time_per_sample': 85.28, 'qpu_access_time': 28340.37, 'qpu_access_overhead_time': 2219.63, 'qpu_programming_time': 15758.37, 'qpu_delay_time_per_sample': 20.54, 'total_post_processing_time': 2028.0, 'post_processing_overhead_time': 2028.0}",4130b16a-73bf-4f69-9684-9c758f354bbd,"{'embedding': {'T291': (3093, 855, 856, 858, 3094, 857), 'T1179': (3393, 3394, 1157, 3395, 3396), 'T258': (3573, 3574, 3575, 1203, 1202), 'T912': (3334, 1263, 3336, 3335, 1262), 'T1153': (753, 752, 754, 751), 'T941': (769, 768, 766, 767), 'T602': (3588, 3590, 3589, 1218, 1217), 'T1017': (3378, 3379, 1053, 3380, 1052), 'T670': (3198, 3199, 931, 933, 932), 'T1636': (3453, 3454, 3455, 1337, 3456), 'T1190': (795, 798, 3438, 797, 796), 'T701': (3184, 946, 948, 3183, 947), 'T1390': (3154, 886, 888, 887), 'T1543': (3139, 901, 903, 902), 'T278': (813, 812, 810, 3738, 811), 'T697': (3543, 3544, 3545, 3546), 'T619': (3273, 3274, 3275, 1097, 1098), 'T1191': (3169, 871, 873, 872), 'T50': (3243, 3244, 976, 978, 977), 'T392': (3499, 1277, 3500, 1278, 3501), 'T402': (3363, 3364, 3365, 1112, 1113), 'T1158': (3124, 916, 918, 917), 'T212': (3319, 3320, 1082, 1083), 'T1615': (3618, 3619, 3620, 1068, 1067), 'T571': (3228, 3229, 991, 993, 992), 'T939': (3349, 3350, 1233, 3351, 1232), 'T944': (3603, 3604, 3605, 1127, 1128), 'T143': (3408, 3409, 1141, 3410, 1142), 'T799': (3214, 1006, 3213, 1008, 1007), 'T158': (3709, 828, 825, 827, 826), 'T1110': (3529, 3530, 1383, 3532, 3531), 'T1629': (3514, 3515, 3517, 1367, 3516), 'T899': (3469, 3470, 3468, 1322, 3471), 'T699': (3258, 961, 963, 3259, 962), 'T252': (1172, 3426, 3423, 3424, 3425), 'T91': (3304, 3305, 1021, 1023, 1022), 'T726': (3484, 3485, 1187, 3486), 'T155': (3664, 843, 841, 840, 842, 3109), 'T34': (3558, 3559, 3560, 3561), 'T361': (3289, 3290, 1038, 1036, 3288, 1037)}, 'chain_break_method': 'majority_vote', 'embedding_parameters': {}, 'chain_strength': 0.0010529700488747093}",[]
12,12,"[202, 12, 942, 327, 263, 1534, 277, 795, 667, 1056, 1569, 341, 691, 418, 853, 663, 555, 1404, 1066, 1635, 251, 1460, 1484, 1379, 1498, 253, 986, 485, 671, 517, 505, 1305, 817, 1219, 413, 1238, 1114, 84, 668, 22]","[1238, 1460, 277, 817, 986]",5,"[105329.0, 610547.0, 56233.0, 57110.0, 180273.0]","[1.0, 1.0, 1.0, 0.9565217391304348, 0.8333333333333334]",0.0247040317161449,213,8.696197271347046,8.667579701347046,6.93269419670105,"{'qpu_sampling_time': 12860.0, 'qpu_anneal_time_per_sample': 20.0, 'qpu_readout_time_per_sample': 88.06, 'qpu_access_time': 28617.57, 'qpu_access_overhead_time': 2023.43, 'qpu_programming_time': 15757.57, 'qpu_delay_time_per_sample': 20.54, 'total_post_processing_time': 344.0, 'post_processing_overhead_time': 344.0}",d0d1d972-d98d-46a6-9e1c-9fb3e19f7ea4,"{'embedding': {'T12': (2127, 5246, 5249, 5248, 5247), 'T202': (5306, 5309, 5308, 5307), 'T942': (5653, 2414, 2413, 2412, 2411), 'T327': (5067, 2366, 2367, 5562, 2369, 2368), 'T263': (2396, 5517, 5518, 2399, 2397, 2398), 'T1534': (2202, 5473, 5472, 2204, 2203), 'T277': (2622, 5201, 5202, 2621, 5203), 'T795': (2291, 2292, 5608, 5607, 2293, 2294), 'T667': (2246, 2247, 5503, 2248, 5502), 'T1056': (5547, 2474, 2471, 5443, 2472, 2473), 'T1569': (2517, 2518, 5396, 5397, 5398), 'T341': (2097, 2187, 5231, 5233, 5232), 'T691': (5351, 5352, 5353, 2562, 2563), 'T418': (2321, 5577, 2322, 5637, 2323, 2324), 'T853': (5381, 5382, 2354, 2352, 2353), 'T663': (2549, 2547, 2548, 5411, 5413, 5412), 'T555': (2459, 2458, 2456, 2457), 'T1404': (2668, 2172, 2173, 5366, 5368, 5367), 'T1066': (5487, 5488, 2532, 2533, 2534), 'T1635': (5037, 2308, 2307, 2306, 5036), 'T251': (2217, 5083, 2218, 5082, 5081), 'T1460': (2636, 5187, 2142, 5188, 5186), 'T1484': (2502, 2503, 5339, 5337, 2728, 5338), 'T1379': (5068, 2486, 2487, 2489, 2488), 'T1498': (5022, 2426, 2427, 2429, 2428), 'T253': (2607, 2606, 2667, 5159, 5157, 5158), 'T986': (5533, 2231, 5546, 5532, 5531, 2233, 2232), 'T485': (5144, 5141, 5142, 2697, 5143), 'T671': (2652, 5173, 5171, 5172), 'T517': (2336, 2339, 5428, 2337, 5427, 2338), 'T505': (2444, 2441, 2443, 2442), 'T1305': (2381, 2384, 5128, 2382, 2383), 'T817': (2082, 5261, 5262, 5264, 5263), 'T1219': (2591, 5456, 5457, 2592, 2593, 5458), 'T413': (2578, 5218, 2577, 5098, 5096, 5097), 'T1238': (2279, 5113, 5112, 2278, 2276, 2277), 'T1114': (5234, 5279, 2637, 5322, 5323, 5324), 'T84': (2112, 5294, 5291, 5293, 5292), 'T668': (5278, 5277, 2157, 2188, 5276), 'T22': (5442, 2261, 5217, 5216, 2263, 2262)}, 'chain_break_method': 'majority_vote', 'embedding_parameters': {}, 'chain_strength': 0.0011016918466665597}","[{'type': <class 'dwave.system.warnings.ChainBreakWarning'>, 'message': 'Lowest-energy samples contain a broken chain', 'level': 40, 'data': {'target_variables': (5234, 5279, 2637, 5322, 5323, 5324), 'source_variables': ['T1114'], 'sample_index': 0}}]"
13,13,"[1330, 355, 1618, 1455, 347, 466, 280, 327, 21, 1400, 1211, 1267, 1364, 1416, 472, 218, 689, 686, 1227, 321, 748, 976, 599, 1189, 381, 659, 377, 163, 916, 1438, 557, 1392, 987, 1279, 1193, 427, 884, 467, 465, 636]","[1227, 1330, 1618, 976, 987]",5,"[89036.0, 71008.0, 158287.0, 135522.0, 169727.0]","[0.6666666666666666, 0.6097560975609756, 1.0, 1.0, 1.0]",0.0226520093324884,222,8.998162984848022,8.965571014848022,6.960899829864502,"{'qpu_sampling_time': 16834.0, 'qpu_anneal_time_per_sample': 20.0, 'qpu_readout_time_per_sample': 127.8, 'qpu_access_time': 32591.97, 'qpu_access_overhead_time': 2507.03, 'qpu_programming_time': 15757.97, 'qpu_delay_time_per_sample': 20.54, 'total_post_processing_time': 287.0, 'post_processing_overhead_time': 287.0}",818db70c-0456-4ea1-acc7-090d25714b84,"{'embedding': {'T355': (2243, 4212, 4196, 2242, 2241), 'T1330': (4151, 4152, 2271, 2274, 2272, 2273), 'T1618': (2214, 2211, 2213, 2212), 'T1455': (4345, 4348, 4346, 4347), 'T347': (2287, 4288, 4285, 4287, 4286), 'T466': (2497, 4300, 4303, 4302, 4301), 'T280': (4482, 2152, 4481, 2153), 'T327': (4435, 2542, 4273, 2543, 4438, 4436, 4437), 'T21': (4255, 4256, 2512, 4258, 4257), 'T1400': (4390, 2483, 2482, 4393, 4391, 4392), 'T1211': (2047, 4450, 2108, 4452, 2046, 4451), 'T1267': (4630, 2169, 2421, 2422, 2423, 4631, 4632), 'T1364': (2259, 4136, 4197, 2258, 2257, 2256), 'T1416': (4061, 4062, 2331, 2334, 2332, 2333), 'T472': (2076, 4707, 2077, 2078, 2079, 2154, 4706), 'T218': (2061, 4465, 2062, 4467, 4466), 'T689': (4512, 4511, 1987, 4510, 1989, 1988), 'T686': (2319, 2318, 4122, 2316, 4121, 2317), 'T1227': (2019, 4645, 2437, 4646, 2436, 4647, 2438), 'T321': (4588, 2408, 2407, 2406, 4181, 4182), 'T748': (4330, 4333, 4331, 4332), 'T976': (4316, 4317, 2467, 4528, 4315, 2468), 'T599': (4226, 4227, 2301, 2304, 2303, 2302), 'T1189': (2167, 2168, 4495, 4497, 4496), 'T381': (4556, 2377, 4558, 2378, 2379, 4557), 'T659': (2017, 2018, 4525, 4527, 4526), 'T377': (4601, 2181, 2182, 4676, 2184, 2183), 'T163': (4360, 4363, 2107, 4362, 4361), 'T916': (4270, 2347, 4272, 4271), 'T1438': (4617, 2392, 2393, 2394, 2289, 4692), 'T557': (4691, 4767, 4797, 2226, 2227, 2229, 2228), 'T1392': (2451, 4375, 4378, 4376, 2452, 4377), 'T987': (4661, 2139, 2136, 2137, 2138), 'T1279': (4242, 4241, 2032, 4243, 4240), 'T1193': (4542, 2091, 4541, 2093, 2092), 'T427': (2215, 4662, 4782, 2365, 2362, 2363, 4602, 2364), 'T884': (2199, 2196, 2197, 2198), 'T467': (4405, 4408, 1972, 4406, 4407), 'T465': (2348, 2527, 2528, 4423, 4421, 4422), 'T636': (2122, 2288, 4587, 2123, 4586)}, 'chain_break_method': 'majority_vote', 'embedding_parameters': {}, 'chain_strength': 0.0010471296424550867}","[{'type': <class 'dwave.system.warnings.ChainLengthWarning'>, 'message': 'Chain length greater than 7', 'level': 30, 'data': {'target_variables': (2215, 4662, 4782, 2365, 2362, 2363, 4602, 2364), 'source_variables': ['T427']}}, {'type': <class 'dwave.system.warnings.ChainBreakWarning'>, 'message': 'Lowest-energy samples contain a broken chain', 'level': 40, 'data': {'target_variables': (4061, 4062, 2331, 2334, 2332, 2333), 'source_variables': ['T1416'], 'sample_index': 0}}, {'type': <class 'dwave.system.warnings.ChainBreakWarning'>, 'message': 'Lowest-energy samples contain a broken chain', 'level': 40, 'data': {'target_variables': (2076, 4707, 2077, 2078, 2079, 2154, 4706), 'source_variables': ['T472'], 'sample_index': 0}}, {'type': <class 'dwave.system.warnings.ChainBreakWarning'>, 'message': 'Lowest-energy samples contain a broken chain', 'level': 40, 'data': {'target_variables': (2019, 4645, 2437, 4646, 2436, 4647, 2438), 'source_variables': ['T1227'], 'sample_index': 0}}, {'type': <class 'dwave.system.warnings.ChainBreakWarning'>, 'message': 'Lowest-energy samples contain a broken chain', 'level': 40, 'data': {'target_variables': (4691, 4767, 4797, 2226, 2227, 2229, 2228), 'source_variables': ['T557'], 'sample_index': 0}}, {'type': <class 'dwave.system.warnings.ChainBreakWarning'>, 'message': 'Lowest-energy samples contain a broken chain', 'level': 40, 'data': {'target_variables': (2215, 4662, 4782, 2365, 2362, 2363, 4602, 2364), 'source_variables': ['T427'], 'sample_index': 0}}, {'type': <class 'UserWarning'>, 'message': 'All samples have broken chains', 'level': 30, 'data': {}}]"
14,14,"[154, 1443, 677, 1539, 1586, 1542, 779, 539, 179, 983, 1334, 496, 1508, 1250, 346, 1193, 1101, 665, 1466, 1632, 1360, 1410, 1385, 1418, 644, 315, 291, 1174, 1615, 913, 1196, 1071, 1603, 1652, 1236, 1281, 1348, 461, 1270, 929]","[1071, 1236, 1270, 1418, 1443, 1586, 1632]",7,"[74619.0, 108096.0, 57381.0, 77330.0, 71155.0, 601580.0, 728997.0]","[1.0, 1.0, 1.0, 1.0, 0.7, 1.0, 1.0]",0.0311864788274867,189,9.355244636535645,9.326793866535645,6.957108497619629,"{'qpu_sampling_time': 12692.0, 'qpu_anneal_time_per_sample': 20.0, 'qpu_readout_time_per_sample': 86.38, 'qpu_access_time': 28450.77, 'qpu_access_overhead_time': 2687.23, 'qpu_programming_time': 15758.77, 'qpu_delay_time_per_sample': 20.54, 'total_post_processing_time': 386.0, 'post_processing_overhead_time': 386.0}",8975b459-c7b0-4b2c-8e2b-5c8453b13110,"{'embedding': {'T1443': (5120, 4938, 5118, 5119, 582, 581), 'T154': (5389, 1030, 1033, 1032, 1031), 'T677': (5270, 5269, 867, 865, 866), 'T1539': (5344, 986, 987, 985), 'T1586': (4895, 4893, 5162, 655, 4894, 656), 'T1542': (5045, 5043, 5042, 5044, 506), 'T779': (5330, 970, 972, 971), 'T539': (4999, 4998, 4997, 551), 'T179': (5225, 5224, 5223, 732, 731), 'T983': (5209, 852, 5208, 850, 851), 'T1334': (5060, 5059, 5058, 5057, 491), 'T496': (955, 956, 958, 957), 'T1508': (5075, 5074, 5072, 5073, 671), 'T1250': (5014, 5013, 5012, 536), 'T346': (4970, 4969, 4968, 4967), 'T1193': (5029, 5027, 5028, 566), 'T1101': (1000, 1002, 5315, 1001), 'T665': (940, 941, 943, 942), 'T1466': (1016, 1017, 1015, 5359), 'T1632': (5194, 747, 5193, 746), 'T1360': (5374, 1045, 1048, 1047, 1046), 'T1410': (5135, 5134, 5133, 717, 716), 'T1385': (5179, 5178, 610, 5177, 611), 'T1418': (4910, 4909, 4908, 640, 641), 'T644': (5150, 5149, 5148, 702, 701), 'T315': (5164, 790, 5163, 791), 'T291': (5255, 895, 5254, 897, 896), 'T1174': (4865, 4864, 5329, 835, 837, 836), 'T1615': (4834, 880, 882, 881), 'T913': (4925, 4923, 4924, 625, 626), 'T1196': (4849, 910, 911, 913, 912), 'T1071': (5090, 5087, 5088, 5089, 686), 'T1603': (4939, 807, 4940, 805, 806), 'T1652': (5105, 5104, 5103, 597, 596), 'T1236': (5240, 5239, 5238, 762, 761), 'T1281': (5285, 778, 777, 5284, 776), 'T1348': (4880, 4879, 925, 926, 928, 927), 'T461': (4955, 4954, 4953, 4952), 'T1270': (4984, 4983, 4982, 521), 'T929': (5300, 820, 822, 5299, 821)}, 'chain_break_method': 'majority_vote', 'embedding_parameters': {}, 'chain_strength': 0.0011267205430348644}","[{'type': <class 'dwave.system.warnings.ChainStrengthWarning'>, 'message': 'Some quadratic biases are stronger than the given chain strength', 'level': 30, 'data': {'source_interactions': [('T1632', 'T1586')]}}]"
15,15,"[370, 646, 67, 1577, 907, 1008, 68, 392, 407, 1224, 931, 1084, 1651, 198, 1077, 539, 1506, 1274, 558, 919, 1531, 234, 508, 1320, 461, 1119, 557, 1482, 338, 1108, 1495, 1366, 589, 599, 1212, 247, 201, 1120, 1660, 422]","[1108, 1119, 1274, 1651, 1660, 931]",6,"[102374.0, 69458.0, 60488.0, 593688.0, 657202.0, 67183.0]","[0.75, 0.9444444444444444, 0.75, 1.0, 1.0, 1.0]",0.0282299117619307,209,14.840526580810549,14.811115010810548,13.057138919830322,"{'qpu_sampling_time': 13654.0, 'qpu_anneal_time_per_sample': 20.0, 'qpu_readout_time_per_sample': 96.0, 'qpu_access_time': 29411.57, 'qpu_access_overhead_time': 2480.43, 'qpu_programming_time': 15757.57, 'qpu_delay_time_per_sample': 20.54, 'total_post_processing_time': 686.0, 'post_processing_overhead_time': 686.0}",4092d2a0-65f9-4d6d-9721-8ecb30dfe610,"{'embedding': {'T646': (5418, 1123, 5420, 5419), 'T370': (5164, 5163, 703, 702), 'T67': (5328, 1108, 5329, 5330), 'T1577': (926, 929, 928, 927), 'T907': (5088, 5043, 806, 5494, 808, 807), 'T1008': (1109, 5448, 5449, 1152, 1153, 5450), 'T68': (687, 5298, 5299, 5301, 5300), 'T392': (839, 941, 5059, 836, 838, 837), 'T407': (1047, 5388, 5389, 1048), 'T1224': (672, 673, 688, 5480, 5479, 5478), 'T931': (5331, 1167, 5223, 5224, 5225), 'T1084': (734, 733, 5179, 5178, 732), 'T1651': (5525, 5463, 5524, 5523, 747, 748, 749), 'T198': (1197, 5271, 5270, 5268, 5269), 'T1077': (911, 914, 913, 912), 'T539': (1019, 5029, 1016, 1017, 5495, 1018), 'T1506': (718, 5209, 5208, 717), 'T1274': (5193, 5194, 988, 986, 987), 'T558': (852, 5465, 5464, 853), 'T919': (1004, 762, 5569, 5568, 764, 763), 'T1531': (598, 5342, 5345, 5344, 5343), 'T234': (5148, 1064, 1063, 5149, 1062, 5150), 'T508': (1032, 1033, 5375, 5373, 5374), 'T1320': (643, 5405, 642, 5404, 5403), 'T461': (658, 657, 5240, 5238, 5239), 'T1119': (5283, 5284, 5285, 1092, 1094, 1093), 'T557': (5510, 5509, 5584, 867, 868, 869), 'T1482': (5073, 5120, 5119, 793, 791, 792), 'T338': (5133, 5134, 1078, 5135, 1077), 'T1108': (974, 5105, 5044, 973, 971, 972), 'T1495': (5090, 944, 943, 866, 5089, 942), 'T1366': (5539, 957, 958, 959, 5433, 5434), 'T589': (5256, 5313, 1273, 5316, 5314, 5315), 'T599': (824, 5075, 5074, 823, 822, 821), 'T1212': (896, 899, 4954, 898, 897), 'T247': (5028, 776, 779, 5104, 778, 777), 'T201': (5252, 5253, 5255, 5254), 'T1120': (5013, 1003, 1002, 5014, 1001), 'T1660': (881, 882, 5599, 883, 884), 'T422': (1138, 5360, 5359, 5357, 5358)}, 'chain_break_method': 'majority_vote', 'embedding_parameters': {}, 'chain_strength': 0.0011227687752574699}","[{'type': <class 'dwave.system.warnings.ChainStrengthWarning'>, 'message': 'Some quadratic biases are stronger than the given chain strength', 'level': 30, 'data': {'source_interactions': [('T1660', 'T1651')]}}]"
16,16,"[806, 162, 592, 1206, 20, 550, 172, 1000, 946, 260, 629, 1021, 270, 870, 839, 650, 824, 1396, 24, 587, 458, 993, 1425, 1116, 472, 1024, 601, 57, 385, 1420, 266, 251, 985, 425, 798, 1292, 890, 732, 1524, 509]","[1292, 1425, 24, 839, 985]",5,"[58163.0, 73157.0, 54792.0, 56937.0, 183494.0]","[0.8571428571428571, 0.6666666666666666, 1.0, 1.0, 1.0]",0.0244269116237224,207,10.258894443511965,10.229894473511965,8.474509716033936,"{'qpu_sampling_time': 13244.0, 'qpu_anneal_time_per_sample': 20.0, 'qpu_readout_time_per_sample': 91.9, 'qpu_access_time': 28999.97, 'qpu_access_overhead_time': 755.03, 'qpu_programming_time': 15755.97, 'qpu_delay_time_per_sample': 20.54, 'total_post_processing_time': 377.0, 'post_processing_overhead_time': 377.0}",daf4d7ed-28f7-4d3a-9c00-6ab37c177056,"{'embedding': {'T162': (522, 523, 569, 5446, 5447), 'T806': (5507, 251, 5506, 253, 252), 'T592': (493, 5025, 492, 491, 5026), 'T1206': (642, 5207, 5205, 5206), 'T20': (312, 5133, 5132, 5131), 'T550': (132, 5253, 5250, 5251, 5252), 'T172': (5163, 5162, 161, 5161, 5160, 162), 'T1000': (401, 404, 5416, 402, 403), 'T946': (5298, 5295, 5296, 5297), 'T260': (5145, 5148, 5146, 537, 5147), 'T629': (687, 5340, 5341, 5342, 688), 'T1021': (5535, 476, 5536, 477, 478), 'T270': (419, 416, 5385, 417, 5386, 418), 'T870': (191, 5371, 192, 193, 313, 5370), 'T839': (5491, 326, 5581, 327, 328, 329), 'T650': (5238, 672, 5177, 5175, 5176), 'T824': (5130, 5357, 5356, 5355, 208, 207), 'T1396': (5445, 5102, 239, 238, 5101, 237), 'T24': (5520, 5521, 461, 462, 463), 'T587': (371, 372, 374, 373), 'T458': (4891, 355, 280, 283, 282, 281), 'T993': (656, 657, 5192, 5190, 5191), 'T1425': (5492, 445, 4981, 506, 509, 508, 507), 'T1116': (5070, 5071, 5072, 567, 568, 5417), 'T472': (612, 5235, 5236, 5237), 'T1024': (5055, 5056, 448, 447, 446), 'T601': (521, 5117, 223, 222, 311, 5116), 'T57': (599, 598, 597, 5085, 5086, 5087), 'T385': (5596, 344, 5041, 341, 342, 343), 'T1420': (552, 5311, 5312, 553), 'T266': (431, 5431, 432, 433), 'T251': (702, 5223, 5222, 5220, 5221), 'T985': (389, 388, 386, 387), 'T425': (5476, 5011, 358, 357, 356), 'T798': (102, 5268, 5265, 5266, 5267), 'T1292': (717, 5326, 5327, 5328, 5358, 718), 'T890': (582, 5400, 583, 5402, 5401), 'T732': (4906, 295, 298, 297, 296), 'T1524': (5463, 266, 5462, 5461, 268, 267), 'T509': (147, 5280, 5281, 5283, 5282)}, 'chain_break_method': 'majority_vote', 'embedding_parameters': {}, 'chain_strength': 0.0011633069277667372}","[{'type': <class 'dwave.system.warnings.ChainBreakWarning'>, 'message': 'Lowest-energy samples contain a broken chain', 'level': 40, 'data': {'target_variables': (5491, 326, 5581, 327, 328, 329), 'source_variables': ['T839'], 'sample_index': 0}}, {'type': <class 'dwave.system.warnings.ChainBreakWarning'>, 'message': 'Lowest-energy samples contain a broken chain', 'level': 40, 'data': {'target_variables': (4891, 355, 280, 283, 282, 281), 'source_variables': ['T458'], 'sample_index': 0}}]"
17,17,"[880, 485, 1303, 51, 1541, 1290, 320, 1431, 1653, 867, 567, 636, 1407, 1021, 886, 44, 481, 1299, 1080, 420, 1469, 428, 358, 508, 1155, 1320, 681, 203, 1115, 450, 1562, 155, 769, 1434, 1526, 680, 754, 113, 96, 1591]","[1080, 1115, 1155, 1469, 1653]",5,"[107799.0, 69823.0, 101865.0, 72239.0, 64234.0]","[0.6, 0.7058823529411765, 0.6, 0.8823529411764706, 1.0]",0.0202022916454372,213,8.625385046005249,8.59220187600525,6.807350873947144,"{'qpu_sampling_time': 17424.0, 'qpu_anneal_time_per_sample': 20.0, 'qpu_readout_time_per_sample': 133.7, 'qpu_access_time': 33183.17, 'qpu_access_overhead_time': 1734.83, 'qpu_programming_time': 15759.17, 'qpu_delay_time_per_sample': 20.54, 'total_post_processing_time': 2027.0, 'post_processing_overhead_time': 2027.0}",4ec15dcb-57a2-493e-a6c8-f4eb4e848e65,"{'embedding': {'T485': (1896, 4168, 4167, 2541, 4165, 4166), 'T880': (2300, 4047, 2213, 2212, 2211), 'T1303': (4511, 2331, 2332, 2333, 4512), 'T51': (2420, 4240, 2421, 4243, 4242, 2017, 4241), 'T1541': (4258, 4257, 2045, 4255, 2046, 4256), 'T1290': (4285, 4286, 2436, 2467, 4287), 'T320': (4436, 4437, 4091, 2199, 2198, 2196, 2197), 'T1431': (4153, 4152, 4150, 4151), 'T1653': (4587, 2225, 2226, 2228, 2227), 'T867': (2255, 4617, 2258, 2256, 2257), 'T567': (4482, 4481, 2136, 2138, 2137), 'T636': (1911, 4183, 4180, 4182, 4181), 'T1407': (4077, 4076, 2062, 4015, 2061, 2060), 'T1021': (4001, 4452, 2168, 4451, 2166, 2167), 'T886': (4647, 4646, 2346, 2349, 2348, 2347), 'T44': (4317, 1956, 1957, 1972, 4316, 4315), 'T481': (1941, 4225, 4228, 4227, 4226), 'T1299': (4213, 2511, 4210, 4211, 4138, 4212), 'T1080': (4032, 2285, 4557, 2286, 2287, 2288), 'T420': (2466, 4120, 4121, 4122), 'T1469': (2090, 4378, 4377, 4376, 2091, 2092), 'T428': (2391, 2392, 4300, 4302, 4301), 'T358': (4602, 4541, 2240, 2241, 2243, 2242), 'T508': (4526, 2121, 2122, 4527, 2123), 'T1155': (2482, 4060, 2481, 4063, 4061, 4062), 'T1320': (2181, 4467, 2182, 4466, 2183), 'T681': (4422, 4421, 2031, 2032, 2033), 'T203': (2106, 4333, 2107, 4330, 4332, 4331), 'T1115': (4198, 1971, 4195, 4197, 4196), 'T450': (4347, 2151, 2152, 4345, 4346), 'T1562': (2451, 4135, 4136, 4137), 'T155': (1987, 4107, 4106, 4105, 1986), 'T769': (2301, 4542, 2303, 2302), 'T1434': (4407, 2361, 2362, 2363), 'T1526': (2076, 2075, 4362, 4361, 2077), 'T680': (2270, 2273, 2272, 2271), 'T754': (4497, 2001, 2002, 2003, 4495, 4496, 1958, 4450), 'T113': (4391, 2376, 2378, 4393, 2377, 4392), 'T96': (4270, 2406, 4271, 4272), 'T1591': (2315, 2316, 4572, 2317, 2318)}, 'chain_break_method': 'majority_vote', 'embedding_parameters': {}, 'chain_strength': 0.001034946694341513}","[{'type': <class 'dwave.system.warnings.ChainLengthWarning'>, 'message': 'Chain length greater than 7', 'level': 30, 'data': {'target_variables': (4497, 2001, 2002, 2003, 4495, 4496, 1958, 4450), 'source_variables': ['T754']}}]"
18,18,"[271, 899, 588, 554, 425, 981, 1078, 1193, 829, 1244, 1032, 720, 155, 32, 133, 1444, 697, 1320, 914, 198, 793, 1394, 850, 1268, 718, 1217, 135, 80, 374, 761, 136, 1358, 789, 680, 1389, 1555, 1080, 1518, 1592, 932]","[1078, 1080, 1444, 981]",4,"[100383.0, 107799.0, 55580.0, 107459.0]","[0.6, 0.6, 0.6363636363636364, 0.7142857142857143]",0.0189414952367654,209,9.277524948120115,9.246167778120116,6.585530281066895,"{'qpu_sampling_time': 15598.0, 'qpu_anneal_time_per_sample': 20.0, 'qpu_readout_time_per_sample': 115.44, 'qpu_access_time': 31357.17, 'qpu_access_overhead_time': 1286.83, 'qpu_programming_time': 15759.17, 'qpu_delay_time_per_sample': 20.54, 'total_post_processing_time': 3861.0, 'post_processing_overhead_time': 3861.0}",9677cc55-6cd7-4edb-bced-74ac7b829322,"{'embedding': {'T899': (3435, 618, 616, 3436, 3437, 617), 'T271': (301, 302, 303, 3677, 3676), 'T588': (3511, 453, 3512, 451, 452), 'T554': (3405, 3407, 422, 3406), 'T425': (3525, 3528, 3526, 3527), 'T981': (3631, 438, 435, 436, 437), 'T1078': (511, 3346, 513, 3347, 512), 'T1193': (197, 198, 423, 3600, 3602, 3601), 'T829': (229, 3137, 228, 227, 226, 3136), 'T1244': (243, 3241, 242, 241, 3225, 316), 'T1032': (3301, 421, 558, 557, 3302), 'T720': (317, 3618, 3615, 3617, 318, 3616), 'T155': (183, 3557, 3556, 3555), 'T32': (152, 3572, 153, 3571, 3570), 'T133': (3255, 3046, 258, 257, 256, 255, 3045), 'T1444': (409, 3105, 3106, 408, 406, 407), 'T697': (3151, 3152, 528, 527, 526), 'T1320': (3585, 677, 678, 3586, 3587), 'T914': (360, 361, 363, 3421, 362), 'T198': (48, 3495, 3496, 3498, 3497), 'T793': (330, 3166, 333, 331, 332), 'T1394': (633, 632, 3390, 3392, 3391), 'T850': (3285, 573, 572, 3286, 3287), 'T1268': (3270, 3271, 588, 3272, 587), 'T718': (647, 3542, 3540, 3541), 'T1217': (3588, 738, 3480, 3483, 3481, 3482), 'T135': (3318, 556, 3256, 3257, 603, 602, 601), 'T80': (663, 662, 3360, 3361, 3362), 'T374': (3662, 495, 498, 497, 3226, 496), 'T761': (3121, 3661, 288, 287, 285, 286), 'T136': (348, 347, 345, 346), 'T1358': (92, 3465, 3466, 3468, 3467), 'T789': (3647, 270, 3646, 273, 271, 272), 'T680': (3212, 3210, 468, 467, 466, 3211), 'T1389': (213, 3317, 212, 3316), 'T1555': (3332, 3331, 378, 376, 377), 'T1080': (483, 3195, 3196, 482, 481), 'T1518': (300, 393, 392, 391, 3091), 'T1592': (168, 167, 3375, 3377, 3376), 'T932': (543, 3453, 3450, 3451, 3452)}, 'chain_break_method': 'majority_vote', 'embedding_parameters': {}, 'chain_strength': 0.0010100263034379458}",[]
19,19,"[678, 102, 40, 63, 933, 461, 350, 1448, 15, 1218, 1263, 58, 130, 1126, 1348, 1288, 235, 143, 478, 190, 334, 1469, 333, 1460, 1025, 1190, 1181, 1426, 1363, 985, 1371, 890, 281, 750, 706, 741, 1127, 1196, 108, 81]","[1181, 1190, 1448, 1460, 1469, 190, 985]",7,"[111786.0, 104292.0, 77728.0, 610547.0, 72239.0, 69986.0, 183494.0]","[0.7333333333333333, 0.5625, 0.6666666666666666, 1.0, 0.8823529411764706, 0.6, 1.0]",0.0263593354499696,207,6.771643877029419,6.741893107029419,4.990618467330933,"{'qpu_sampling_time': 13990.0, 'qpu_anneal_time_per_sample': 20.0, 'qpu_readout_time_per_sample': 99.36, 'qpu_access_time': 29750.77, 'qpu_access_overhead_time': 2305.23, 'qpu_programming_time': 15760.77, 'qpu_delay_time_per_sample': 20.54, 'total_post_processing_time': 300.0, 'post_processing_overhead_time': 300.0}",c119b40e-cf17-4fa3-956e-d330dd995dfc,"{'embedding': {'T102': (3240, 3241, 3242, 3168, 571, 570), 'T678': (3392, 195, 302, 3391, 196, 197, 3390), 'T40': (3450, 3451, 420, 422, 3452, 421), 'T63': (3048, 3047, 3045, 3046), 'T933': (3090, 615, 3092, 3091), 'T461': (3557, 465, 3556, 466, 467), 'T350': (3497, 270, 271, 272, 3496), 'T1448': (528, 3422, 525, 3421, 526, 527), 'T15': (3482, 315, 316, 317, 3481), 'T1218': (3405, 2972, 495, 3406, 497, 496), 'T1263': (661, 3180, 3181, 660, 3182), 'T58': (3078, 3075, 765, 3076, 3077), 'T130': (3542, 450, 451, 3541, 452), 'T1126': (483, 3571, 333, 330, 332, 331), 'T1348': (363, 360, 361, 362), 'T1288': (180, 181, 3212, 3211, 3210), 'T235': (510, 511, 3346, 3347, 512), 'T143': (3435, 390, 3436, 391, 3317, 392), 'T478': (630, 3197, 3195, 3196), 'T190': (558, 557, 556, 555, 3016, 3017), 'T334': (795, 3108, 736, 3105, 3106, 3107), 'T1469': (136, 3270, 3271, 600, 601, 3272), 'T333': (3255, 3256, 585, 586, 3257), 'T1460': (150, 3227, 3226, 151, 3225), 'T1025': (348, 347, 345, 212, 346, 3316), 'T1190': (3527, 255, 3526, 257, 256), 'T1181': (165, 3287, 3286, 166, 91, 3285), 'T1426': (3466, 3467, 435, 437, 436), 'T1363': (378, 375, 377, 376), 'T985': (3033, 3030, 3031, 3032), 'T1371': (300, 301, 3302, 3301), 'T890': (3120, 3121, 645, 3123, 3122), 'T281': (3362, 3361, 240, 241, 3360), 'T750': (3060, 3062, 285, 3061), 'T706': (3331, 225, 3332, 226, 227), 'T741': (3375, 3376, 482, 480, 481), 'T1127': (3135, 3136, 690, 3138, 3137), 'T1196': (210, 3165, 211, 3167, 3166), 'T108': (3001, 405, 408, 406, 3616, 407), 'T81': (3150, 3153, 3151, 540, 541, 3152)}, 'chain_break_method': 'majority_vote', 'embedding_parameters': {}, 'chain_strength': 0.0010610681389494154}",[]
20,20,"[935, 143, 1384, 475, 1540, 573, 325, 829, 1263, 1450, 201, 999, 250, 188, 305, 1381, 783, 977, 389, 1541, 1280, 1429, 621, 1418, 855, 804, 1036, 387, 985, 396, 827, 1060, 317, 1115, 1346, 1416, 1619, 1169, 61, 778]","[1115, 1169, 1418, 1450, 855, 985]",6,"[69823.0, 106758.0, 77330.0, 623159.0, 56885.0, 183494.0]","[0.7058823529411765, 0.9, 1.0, 1.0, 0.7647058823529411, 1.0]",0.0261205676651433,232,8.688722133636475,8.655504963636474,6.866143226623535,"{'qpu_sampling_time': 17458.0, 'qpu_anneal_time_per_sample': 20.0, 'qpu_readout_time_per_sample': 134.04, 'qpu_access_time': 33217.17, 'qpu_access_overhead_time': 2815.83, 'qpu_programming_time': 15759.17, 'qpu_delay_time_per_sample': 20.54, 'total_post_processing_time': 334.0, 'post_processing_overhead_time': 334.0}",b6371899-21f0-470d-be10-1965a64c1233,"{'embedding': {'T143': (3729, 3730, 2107, 2106, 2105, 3775, 2104), 'T935': (2002, 2001, 1999, 3700, 2000), 'T1384': (2226, 2225, 3911, 3805, 3806, 2224), 'T475': (3880, 2167, 2166, 3881, 2165), 'T1540': (2270, 2346, 1836, 4075, 4078, 4077, 4076), 'T573': (2121, 4212, 2122, 4210, 4211), 'T325': (2047, 3986, 4330, 2210, 4331, 2212, 2211), 'T829': (2029, 3895, 3896, 2032, 2031, 2030), 'T1263': (2511, 4183, 4180, 4181, 4182), 'T1450': (3836, 3835, 1987, 1985, 1986), 'T201': (2137, 4002, 4000, 4001, 2136, 2135), 'T999': (3971, 1881, 1880, 2151, 4045, 4046, 2150), 'T250': (2059, 2061, 3985, 2060), 'T188': (2316, 2466, 3865, 4092, 3866, 3867, 2239, 4091, 2240), 'T305': (2467, 4258, 2271, 4257, 4255, 4256), 'T1381': (2541, 2542, 4243, 4240, 4241, 2317, 4242), 'T783': (2362, 2361, 4060, 4063, 4062, 4061), 'T977': (4168, 4167, 4165, 4166), 'T389': (2074, 4104, 2076, 4105, 2075), 'T1541': (3715, 1954, 1957, 4360, 1956, 1955), 'T1280': (2197, 3820, 3821, 2196, 2195), 'T1429': (2091, 4015, 4016, 2089, 2090), 'T621': (2331, 4153, 4150, 2332, 4151, 4152), 'T1418': (2241, 4134, 4135, 4137, 4136), 'T855': (4030, 1969, 1972, 1971, 1970), 'T804': (4269, 2420, 2421, 4272, 4271, 4270), 'T1036': (2302, 4122, 2301, 4119, 4120, 4121), 'T387': (2496, 2347, 4225, 4226, 4228, 4227), 'T985': (4346, 1897, 4345, 4284, 1894, 2077, 1895, 1896), 'T396': (1942, 1939, 1940, 1941), 'T827': (2481, 4198, 4195, 4196, 4197), 'T1060': (4300, 3790, 2014, 2017, 2016, 2015), 'T317': (2391, 2392, 4405, 4406, 2152, 4287, 4285, 4286), 'T1115': (2044, 2046, 3970, 2045), 'T1346': (1927, 1924, 1925, 1926), 'T1416': (2377, 2376, 4033, 3909, 4032, 2120, 3910, 4031), 'T1619': (4089, 1912, 1911, 1908, 1909, 1910), 'T1169': (2287, 2286, 3939, 3940, 2285, 3941), 'T61': (3954, 3955, 3956, 4106, 2256, 2255), 'T778': (2182, 2181, 3850, 3851, 2180)}, 'chain_break_method': 'majority_vote', 'embedding_parameters': {}, 'chain_strength': 0.001080937691124307}","[{'type': <class 'dwave.system.warnings.ChainLengthWarning'>, 'message': 'Chain length greater than 7', 'level': 30, 'data': {'target_variables': (2316, 2466, 3865, 4092, 3866, 3867, 2239, 4091, 2240), 'source_variables': ['T188']}}, {'type': <class 'dwave.system.warnings.ChainLengthWarning'>, 'message': 'Chain length greater than 7', 'level': 30, 'data': {'target_variables': (4346, 1897, 4345, 4284, 1894, 2077, 1895, 1896), 'source_variables': ['T985']}}, {'type': <class 'dwave.system.warnings.ChainLengthWarning'>, 'message': 'Chain length greater than 7', 'level': 30, 'data': {'target_variables': (2391, 2392, 4405, 4406, 2152, 4287, 4285, 4286), 'source_variables': ['T317']}}, {'type': <class 'dwave.system.warnings.ChainLengthWarning'>, 'message': 'Chain length greater than 7', 'level': 30, 'data': {'target_variables': (2377, 2376, 4033, 3909, 4032, 2120, 3910, 4031), 'source_variables': ['T1416']}}]"
21,21,"[1053, 911, 1137, 627, 621, 1352, 1418, 258, 513, 1211, 732, 796, 1266, 869, 932, 1275, 883, 1508, 1135, 1236, 1025, 458, 1171, 50, 521, 661, 539, 1334, 643, 804, 1371, 626, 602, 181, 834, 1639, 60, 941, 1640, 1377]","[1236, 1418, 1639, 1640, 181, 50]",6,"[108096.0, 77330.0, 603207.0, 613325.0, 72459.0, 59629.0]","[1.0, 1.0, 0.75, 1.0, 0.6, 0.7037037037037037]",0.0292504648145725,226,9.446793794631958,9.416418224631958,7.648821115493774,"{'qpu_sampling_time': 14616.0, 'qpu_anneal_time_per_sample': 20.0, 'qpu_readout_time_per_sample': 105.62, 'qpu_access_time': 30375.57, 'qpu_access_overhead_time': 1200.43, 'qpu_programming_time': 15759.57, 'qpu_delay_time_per_sample': 20.54, 'total_post_processing_time': 311.0, 'post_processing_overhead_time': 311.0}",ff8b2b68-8e35-43ed-a0c6-66983b1e31dd,"{'embedding': {'T911': (500, 499, 498, 497, 3361, 332), 'T1053': (3482, 3481, 230, 229, 228), 'T1137': (3946, 422, 423, 425, 424), 'T627': (3452, 274, 3451, 272, 273), 'T621': (242, 3825, 245, 243, 244, 3766, 3765), 'T1352': (3437, 320, 3436, 319, 318, 317), 'T1418': (3798, 3795, 484, 3797, 3796), 'T258': (3512, 3421, 3422, 454, 453, 452), 'T513': (107, 109, 108, 3647, 3646, 3645), 'T1211': (514, 3840, 3843, 3842, 3841), 'T732': (694, 3708, 3705, 3706, 3707), 'T796': (589, 3632, 138, 94, 93, 3631, 3630), 'T1266': (3931, 440, 437, 438, 439), 'T869': (139, 3855, 3858, 3857, 3856), 'T932': (558, 619, 3570, 3571, 3572, 618), 'T1275': (3510, 3511, 335, 334, 3556, 333), 'T883': (724, 3870, 3871, 3872, 3873, 725), 'T1508': (350, 347, 349, 348), 'T1135': (286, 3346, 362, 363, 365, 364), 'T1236': (125, 124, 123, 3527, 3526, 3525), 'T1025': (528, 3722, 3585, 3586, 634, 633, 3587), 'T458': (3466, 392, 395, 394, 393), 'T1171': (183, 3736, 3735, 185, 184), 'T50': (3690, 3691, 3693, 3692), 'T521': (257, 258, 3886, 3916, 3915, 259), 'T661': (155, 154, 3541, 3540, 153), 'T539': (3615, 543, 289, 288, 3617, 3616), 'T1334': (3391, 3390, 170, 169, 168, 3555, 287), 'T643': (3331, 3405, 305, 3826, 304, 303, 302), 'T804': (469, 3406, 468, 467), 'T1371': (3751, 198, 3750, 200, 199), 'T626': (604, 603, 3602, 3600, 3601), 'T602': (3720, 3721, 410, 407, 408, 409), 'T181': (275, 260, 3827, 544, 3960, 3961, 3962, 545), 'T834': (3767, 560, 3675, 3676, 559, 3677), 'T1639': (3813, 529, 3810, 3811, 3812), 'T60': (3783, 574, 3782, 3780, 3781), 'T941': (3901, 3976, 377, 380, 379, 378), 'T1640': (3497, 215, 214, 213, 3496), 'T1377': (3737, 649, 3660, 3661, 3662, 3663, 648)}, 'chain_break_method': 'majority_vote', 'embedding_parameters': {}, 'chain_strength': 0.001086626298489159}","[{'type': <class 'dwave.system.warnings.ChainStrengthWarning'>, 'message': 'Some quadratic biases are stronger than the given chain strength', 'level': 30, 'data': {'source_interactions': [('T1640', 'T1639')]}}, {'type': <class 'dwave.system.warnings.ChainLengthWarning'>, 'message': 'Chain length greater than 7', 'level': 30, 'data': {'target_variables': (275, 260, 3827, 544, 3960, 3961, 3962, 545), 'source_variables': ['T181']}}]"
22,22,"[493, 74, 1221, 422, 1482, 1519, 1533, 1218, 658, 1570, 986, 1351, 503, 849, 332, 1245, 1534, 1538, 448, 1120, 775, 732, 1606, 145, 1235, 1460, 387, 1222, 731, 895, 763, 1442, 846, 260, 1144, 1165, 271, 769, 1065, 1327]","[1165, 1221, 1235, 1460, 1606, 775, 986]",7,"[106431.0, 104393.0, 115220.0, 610547.0, 108582.0, 57089.0, 180273.0]","[0.9047619047619048, 0.7142857142857143, 1.0, 1.0, 0.7857142857142857, 0.75, 0.8333333333333334]",0.0315319154904573,211,14.334539413452148,14.308735443452148,11.580105543136597,"{'qpu_sampling_time': 10046.0, 'qpu_anneal_time_per_sample': 20.0, 'qpu_readout_time_per_sample': 59.92, 'qpu_access_time': 25803.97, 'qpu_access_overhead_time': 1997.03, 'qpu_programming_time': 15757.97, 'qpu_delay_time_per_sample': 20.54, 'total_post_processing_time': 1933.0, 'post_processing_overhead_time': 1933.0}",6ea6a52c-49a8-4e43-90ee-93f7dbab9702,"{'embedding': {'T74': (2209, 3524, 3523, 2208, 3522), 'T493': (2611, 2614, 2612, 2613), 'T1221': (2837, 2838, 3599, 3596, 3597, 3598), 'T422': (2372, 2373, 3626, 3629, 3628, 3627), 'T1482': (2464, 3344, 3343, 2463, 2462), 'T1519': (2596, 3763, 2599, 2597, 2598), 'T1533': (3476, 3477, 2748, 3479, 3478), 'T1218': (2540, 2477, 2478, 3839, 3838, 2479), 'T658': (3658, 3659, 2659, 2657, 2658), 'T1570': (2717, 2718, 2719, 3854, 2720), 'T986': (2777, 2223, 2222, 3449, 3448, 3447, 3446), 'T1351': (3809, 3762, 2343, 3808, 3672, 3807, 2344), 'T503': (2552, 2555, 3778, 2553, 2554), 'T849': (2193, 3689, 3688, 3687, 2194), 'T332': (2402, 2403, 3674, 3673), 'T1245': (2523, 3507, 3509, 3508), 'T1534': (3719, 2252, 3718, 2253, 3717), 'T1538': (2283, 3554, 3551, 3553, 3552), 'T448': (3494, 2702, 2705, 2704, 2703), 'T1120': (2237, 3419, 3418, 3417, 2327, 3492), 'T775': (2629, 2628, 2626, 2627), 'T732': (3777, 2387, 2389, 3539, 3538, 2388), 'T1606': (2312, 3644, 3643, 3642, 2313), 'T145': (3611, 3614, 2328, 3613, 3612), 'T1235': (2539, 3404, 3403, 2538, 2537), 'T1460': (3868, 2642, 3869, 2643, 2644), 'T387': (3402, 2417, 3734, 2418, 3733, 3732), 'T1222': (2434, 2433, 3464, 3463, 2432), 'T731': (2584, 2581, 3884, 2582, 2583), 'T895': (2509, 3389, 3388, 2508, 2507), 'T763': (2494, 3374, 3373, 2493, 2492), 'T1442': (2299, 3434, 2298, 2297, 3432, 3433), 'T846': (2267, 2268, 3657, 2374, 3703, 3704), 'T260': (2133, 3569, 3566, 3567, 3568), 'T1144': (3359, 2672, 2674, 2673), 'T1165': (3824, 3823, 3493, 2449, 2447, 2448), 'T271': (3748, 2570, 2567, 3749, 2568, 2569), 'T769': (2524, 3537, 2358, 2359, 3794, 3793, 3792), 'T1065': (2687, 3899, 2688, 2689, 2690), 'T1327': (2238, 3581, 3584, 3582, 3583)}, 'chain_break_method': 'majority_vote', 'embedding_parameters': {}, 'chain_strength': 0.001136491182220667}",[]
23,23,"[1029, 667, 1155, 1569, 241, 1383, 196, 1260, 827, 605, 385, 681, 621, 879, 1643, 579, 498, 866, 1093, 1550, 351, 412, 1394, 1514, 1575, 413, 215, 327, 1500, 184, 554, 1639, 928, 1288, 177, 245, 657, 942, 1538, 450]","[1260, 1639, 177, 184, 413]",5,"[58866.0, 603207.0, 76261.0, 69089.0, 56392.0]","[0.6111111111111112, 0.75, 0.8, 0.8, 0.5555555555555556]",0.0192644955609188,228,12.175655841827393,12.142785071827392,10.3237464427948,"{'qpu_sampling_time': 17114.0, 'qpu_anneal_time_per_sample': 20.0, 'qpu_readout_time_per_sample': 130.6, 'qpu_access_time': 32870.77, 'qpu_access_overhead_time': 871.23, 'qpu_programming_time': 15756.77, 'qpu_delay_time_per_sample': 20.54, 'total_post_processing_time': 788.0, 'post_processing_overhead_time': 788.0}",c84c19df-ca89-4be9-a938-faad92837838,"{'embedding': {'T667': (470, 469, 468, 3647, 3648, 798), 'T1029': (3858, 711, 3723, 710, 709), 'T1155': (606, 3693, 605, 603, 604), 'T1569': (500, 3931, 3934, 3932, 3933), 'T241': (591, 590, 589, 3664, 3663), 'T1383': (4143, 696, 693, 694, 695), 'T196': (514, 515, 3977, 513, 3979, 3978), 'T1260': (350, 3995, 3992, 875, 3991, 3994, 3993), 'T827': (3633, 3632, 620, 619, 618), 'T605': (3618, 651, 650, 648, 649), 'T385': (3528, 663, 3843, 3722, 666, 665, 664), 'T681': (4142, 486, 485, 3799, 3798, 3797, 484), 'T621': (786, 3694, 3603, 783, 785, 3844, 784), 'T879': (771, 3767, 770, 3709, 3768, 769), 'T1643': (543, 830, 829, 3572, 3573, 828), 'T579': (3919, 335, 3918, 3917, 3916), 'T498': (813, 4067, 814, 4068, 4069, 815), 'T866': (919, 4052, 4053, 920, 921, 4054), 'T1093': (3542, 528, 4098, 4096, 529, 530, 531, 4097), 'T1550': (3946, 3949, 3947, 3948), 'T351': (965, 964, 3782, 3783, 874, 3784), 'T412': (4025, 4024, 439, 4023, 4022, 440), 'T1394': (3543, 738, 741, 740, 739), 'T1514': (889, 890, 4039, 4037, 4038), 'T1575': (756, 3769, 979, 980, 4007, 4009, 4008), 'T413': (3961, 3964, 755, 3962, 3963), 'T215': (950, 3904, 3901, 3902, 3903), 'T327': (576, 575, 3679, 3678, 574), 'T1500': (561, 560, 3738, 3737, 558, 559), 'T184': (544, 545, 4113, 4112, 546), 'T554': (860, 395, 3890, 3887, 3889, 3888), 'T1639': (3980, 1010, 1009, 3754, 3752, 754, 3753), 'T928': (636, 3708, 633, 635, 634), 'T1288': (4099, 906, 905, 3827, 3828, 3829), 'T177': (726, 723, 724, 725), 'T245': (846, 3587, 845, 844, 843, 858, 3588), 'T657': (935, 3875, 3874, 3872, 3873), 'T942': (859, 3814, 3813, 3812, 455, 454), 'T1538': (647, 3513, 678, 681, 680, 679), 'T450': (3859, 4082, 799, 800, 4083)}, 'chain_break_method': 'majority_vote', 'embedding_parameters': {}, 'chain_strength': 0.0010411058430823017}","[{'type': <class 'dwave.system.warnings.ChainLengthWarning'>, 'message': 'Chain length greater than 7', 'level': 30, 'data': {'target_variables': (3542, 528, 4098, 4096, 529, 530, 531, 4097), 'source_variables': ['T1093']}}]"
24,24,"[227, 1526, 141, 1533, 107, 249, 822, 1475, 308, 1237, 660, 416, 1584, 835, 1419, 1287, 237, 356, 1030, 69, 508, 1090, 1309, 1194, 538, 1616, 209, 734, 1588, 1124, 675, 473, 100, 649, 895, 375, 1566, 1162, 394, 1230]","[1162, 1230, 1237, 1584, 356]",5,"[103913.0, 110715.0, 124666.0, 607708.0, 59865.0]","[0.631578947368421, 1.0, 1.0, 1.0, 0.6086956521739131]",0.0222065728620568,206,8.11324954032898,8.083732770328979,6.277503490447998,"{'qpu_sampling_time': 13758.0, 'qpu_anneal_time_per_sample': 20.0, 'qpu_readout_time_per_sample': 97.04, 'qpu_access_time': 29516.77, 'qpu_access_overhead_time': 596.23, 'qpu_programming_time': 15758.77, 'qpu_delay_time_per_sample': 20.54, 'total_post_processing_time': 456.0, 'post_processing_overhead_time': 456.0}",35eba124-4995-42f5-9aa4-011cbb20cd6c,"{'embedding': {'T1526': (5184, 5187, 5185, 5186), 'T227': (1962, 1961, 5020, 5022, 5021), 'T141': (2112, 2111, 4872, 4871, 2110), 'T1533': (5005, 2471, 5006, 2487, 2486, 5007), 'T107': (2349, 4707, 2262, 2259, 2261, 2260), 'T249': (2022, 2021, 4933, 4932, 4931), 'T822': (1900, 1901, 5065, 5068, 5067, 5066), 'T1475': (5082, 2410, 5081, 2411), 'T308': (4978, 4977, 1932, 1931, 4976, 4975), 'T1237': (4857, 2334, 2337, 2336, 2335), 'T660': (2472, 5140, 5143, 5142, 5141), 'T416': (5217, 2185, 2186, 5216, 2187), 'T1584': (4963, 1947, 1946, 4962, 4961, 4960), 'T835': (5169, 5172, 5170, 5171), 'T1419': (4827, 2307, 2306, 4826, 2305), 'T1287': (2155, 2156, 5247, 5246, 2157), 'T237': (2396, 2397, 2395, 2319, 4752, 4753), 'T356': (5202, 5201, 5200, 2037, 5080), 'T1030': (2170, 4917, 4916, 2172, 2171), 'T69': (4798, 2322, 4797, 2321, 2320), 'T508': (2289, 2292, 4722, 2291, 2290), 'T1090': (2456, 5113, 5110, 5112, 5111), 'T1309': (5096, 5097, 2379, 2380, 2382, 2381), 'T1194': (4767, 2244, 2247, 2246, 4856, 2245), 'T538': (4692, 2364, 2365, 2367, 2366), 'T1616': (2082, 4885, 2081, 2080, 4887, 4886), 'T209': (2202, 2201, 4812, 4811, 2200), 'T734': (5277, 4783, 4768, 2427, 2426, 2424, 2425), 'T1588': (5232, 2140, 2141, 5231, 2142), 'T1124': (4992, 4991, 1977, 1976, 4990), 'T675': (4737, 2274, 2277, 2276, 2275), 'T473': (2353, 2350, 2351, 2352), 'T100': (5128, 5127, 5125, 2441, 5126), 'T649': (2007, 2006, 5037, 5036, 5035), 'T895': (4842, 2066, 2065, 4840, 4841), 'T375': (1992, 5158, 5157, 5155, 5156), 'T1566': (1916, 1991, 5052, 5051, 5050), 'T1162': (2097, 4902, 4901, 2096, 2095), 'T394': (4948, 2051, 2050, 4947, 4946), 'T1230': (2217, 2216, 4782, 2215)}, 'chain_break_method': 'majority_vote', 'embedding_parameters': {}, 'chain_strength': 0.0010617194354870564}",[]
25,25,"[499, 631, 344, 1591, 827, 645, 1597, 1012, 155, 1117, 853, 683, 229, 473, 1534, 1546, 1011, 169, 296, 1131, 261, 632, 1490, 792, 839, 399, 587, 314, 252, 1065, 1217, 554, 1256, 971, 1393, 975, 277, 45, 303, 452]","[1011, 1597, 277, 296, 839, 971, 975]",7,"[70258.0, 633943.0, 56233.0, 56380.0, 56937.0, 104971.0, 114227.0]","[1.0, 1.0, 1.0, 1.0, 1.0, 0.8333333333333334, 1.0]",0.0239986811182517,210,14.42199969291687,14.39277732291687,12.62376618385315,"{'qpu_sampling_time': 13466.0, 'qpu_anneal_time_per_sample': 20.0, 'qpu_readout_time_per_sample': 94.12, 'qpu_access_time': 29222.37, 'qpu_access_overhead_time': 1438.63, 'qpu_programming_time': 15756.37, 'qpu_delay_time_per_sample': 20.54, 'total_post_processing_time': 245.0, 'post_processing_overhead_time': 245.0}",e33718f1-2bdb-4cea-b942-3cdf09011fea,"{'embedding': {'T631': (5094, 1872, 1873, 1871, 2009, 5501, 5500), 'T499': (1797, 2307, 5201, 5200, 5199), 'T344': (5304, 2337, 2353, 5305, 5306, 5307), 'T1591': (2308, 5470, 2322, 2323, 5471, 2263, 5472), 'T827': (2246, 2247, 5455, 5456, 2248), 'T645': (2231, 5440, 5441, 2232, 2233), 'T1597': (1813, 5366, 5365, 1857, 1858, 5364), 'T1012': (5292, 1722, 5289, 5291, 5290), 'T155': (5247, 5244, 5245, 5246), 'T1117': (2144, 5155, 2143, 2141, 5156, 2142), 'T853': (2189, 5125, 5126, 2187, 2188), 'T683': (1782, 1783, 5381, 5380, 5379), 'T229': (2099, 2098, 2096, 2097), 'T473': (1976, 1977, 1978, 5636, 5635, 1979), 'T1534': (5516, 5590, 5515, 1992, 1993, 1994), 'T1546': (5034, 5081, 5080, 1948, 1947, 1946), 'T1011': (1918, 1917, 5276, 5274, 5275), 'T169': (5170, 2022, 2024, 2023), 'T296': (5651, 2114, 2111, 2113, 2112), 'T1131': (5020, 2051, 2054, 2053, 2052), 'T261': (5576, 5110, 5111, 2174, 2173, 2172), 'T632': (5412, 2007, 2008, 5411, 5410), 'T1490': (5546, 1901, 5544, 1902, 5545, 1903), 'T792': (2412, 5262, 5259, 5261, 5260), 'T839': (5349, 5350, 5351, 2262), 'T399': (5035, 1961, 1964, 1963, 1962), 'T587': (2037, 5575, 2039, 2038), 'T314': (2081, 2084, 2083, 2082), 'T252': (1842, 1843, 5396, 5395, 5394), 'T1065': (5214, 5215, 2293, 2292, 5216), 'T1217': (1933, 1932, 5142, 5141, 5140), 'T554': (2066, 2067, 2068, 5531, 5530), 'T1256': (1887, 5334, 5337, 5336, 5335), 'T971': (5425, 5426, 2159, 2157, 2158), 'T1393': (2126, 5591, 2127, 2128, 2129), 'T975': (2203, 5095, 2321, 5097, 2202, 5096), 'T277': (5157, 2217, 5560, 5561, 2218, 2219), 'T45': (5232, 5229, 5230, 5231), 'T303': (5319, 2276, 5320, 2277, 5322, 5321), 'T452': (2261, 5187, 5186, 1828, 1827, 5184, 5185)}, 'chain_break_method': 'majority_vote', 'embedding_parameters': {}, 'chain_strength': 0.0010930224228404392}",[]
26,26,"[497, 1515, 190, 555, 556, 1223, 171, 515, 1574, 494, 934, 870, 118, 1527, 1396, 1178, 213, 721, 1560, 474, 852, 624, 259, 1614, 318, 1058, 776, 905, 873, 2, 1346, 1213, 935, 901, 1588, 83, 212, 1463, 899, 205]","[1178, 1346, 1463, 1614, 171]",5,"[40050.0, 72239.0, 74333.0, 579019.0, 76760.0]","[0.6, 0.5833333333333334, 0.7272727272727273, 0.9333333333333332, 0.75]",0.0231367174507646,210,12.339638471603394,12.310417701603393,10.502552032470703,"{'qpu_sampling_time': 13464.0, 'qpu_anneal_time_per_sample': 20.0, 'qpu_readout_time_per_sample': 94.1, 'qpu_access_time': 29220.77, 'qpu_access_overhead_time': 1977.23, 'qpu_programming_time': 15756.77, 'qpu_delay_time_per_sample': 20.54, 'total_post_processing_time': 514.0, 'post_processing_overhead_time': 514.0}",7512f747-4e27-4359-9d33-9e5dd902c9e1,"{'embedding': {'T1515': (4481, 4902, 2258, 2259, 2260), 'T497': (4977, 2453, 2454, 4978, 2455), 'T190': (2545, 4589, 2544, 4587, 4588), 'T555': (2468, 2170, 4736, 2469, 4737, 4738), 'T556': (2426, 2425, 4482, 2424, 2423), 'T1223': (2363, 2366, 4857, 2364, 2365), 'T171': (4887, 2306, 2305, 2303, 2304), 'T515': (2393, 2394, 2396, 2395), 'T1574': (2634, 4661, 4663, 4662), 'T494': (4766, 4767, 4769, 4768), 'T934': (4571, 2530, 4572, 2529, 4573), 'T870': (2650, 2649, 4631, 4632, 4633), 'T118': (2291, 4917, 2288, 2289, 2290), 'T1527': (4619, 2514, 4617, 4618), 'T1396': (4962, 2438, 2439, 2440, 4963), 'T1178': (2378, 2381, 2380, 2379), 'T213': (5022, 2318, 2321, 2319, 2320), 'T721': (2214, 2215, 4901, 5052, 5051, 2216), 'T1560': (2588, 4811, 4812, 2515, 2589, 4813), 'T474': (2483, 4888, 4932, 4933, 2484, 2485), 'T852': (2604, 4691, 4694, 4692, 4693), 'T624': (4751, 4752, 4754, 4753), 'T259': (2633, 4604, 4603, 2109, 4602, 4601), 'T1614': (4724, 4723, 4722, 2185, 2079, 4721), 'T318': (2498, 4797, 4798, 2499, 2500), 'T1058': (4544, 4616, 2124, 4543, 4542, 4541, 2184), 'T776': (2663, 2665, 2664, 4841, 4842, 4843), 'T905': (4557, 4556, 2575, 2574, 4558), 'T873': (4871, 2559, 4872, 2560, 4873), 'T2': (4739, 2724, 4782, 4783, 4784, 4781, 2725), 'T1346': (5006, 4512, 2275, 2273, 2274), 'T1213': (2679, 4649, 4648, 4647, 2199, 4646), 'T935': (2411, 4496, 4497, 2410, 2409, 2408), 'T901': (4679, 4678, 4677, 2154, 4676), 'T1588': (4948, 4947, 2228, 2229, 2230), 'T83': (2155, 2618, 2619, 4826, 4827, 4828), 'T212': (4709, 2140, 2139, 4708, 4706, 4707), 'T1463': (4528, 4527, 2336, 2335, 2333, 2334), 'T899': (2243, 4992, 4991, 2244, 2245), 'T205': (2351, 2350, 4452, 2348, 2349)}, 'chain_break_method': 'majority_vote', 'embedding_parameters': {}, 'chain_strength': 0.0010525504844997998}",[]
27,27,"[688, 328, 1294, 468, 87, 334, 1051, 272, 1192, 820, 1228, 84, 892, 1652, 1499, 381, 1472, 8, 1319, 1207, 180, 1287, 1428, 282, 1366, 1209, 767, 368, 511, 652, 636, 74, 1638, 1039, 309, 1219, 258, 385, 671, 1208]","[1228, 1294, 1472, 180, 272, 282]",6,"[74889.0, 76546.0, 67116.0, 70792.0, 56225.0, 55351.0]","[0.6666666666666666, 0.8571428571428571, 1.0, 0.6, 1.0, 0.8275862068965517]",0.0259687315844482,215,8.252949237823486,8.224349667823486,6.474185943603516,"{'qpu_sampling_time': 12840.0, 'qpu_anneal_time_per_sample': 20.0, 'qpu_readout_time_per_sample': 87.86, 'qpu_access_time': 28599.57, 'qpu_access_overhead_time': 828.43, 'qpu_programming_time': 15759.57, 'qpu_delay_time_per_sample': 20.54, 'total_post_processing_time': 3648.0, 'post_processing_overhead_time': 3648.0}",9db3dfe1-07e0-4e6e-bd79-a82fb8ee3a1c,"{'embedding': {'T328': (840, 841, 3455, 3454, 842), 'T688': (3258, 3259, 1186, 3261, 3260), 'T1294': (3335, 3334, 765, 767, 766), 'T468': (3320, 1065, 3319, 1067, 1066), 'T87': (3153, 3154, 1111, 3155, 3156), 'T334': (887, 1127, 1126, 3410, 1125, 3408, 3409), 'T1051': (3484, 782, 780, 781, 3364, 3363), 'T272': (903, 902, 3290, 3289, 885, 886), 'T1192': (1185, 3048, 3049, 3050), 'T820': (750, 3500, 3499, 751, 752, 3393, 797), 'T1228': (1170, 1171, 3230, 3228, 3229), 'T84': (3395, 870, 871, 3394, 872), 'T892': (3619, 918, 915, 3620, 916, 917), 'T1652': (1200, 3183, 1201, 3184, 3185), 'T1499': (661, 3171, 3168, 3169, 3170), 'T381': (1276, 3111, 3108, 3109, 3110), 'T1472': (3530, 990, 991, 993, 992), 'T8': (2975, 933, 930, 931, 932), 'T1319': (3441, 1157, 3440, 705, 3439, 3438, 706, 707), 'T1207': (722, 3096, 3095, 3094, 721, 3093), 'T180': (3273, 810, 811, 3275, 3274), 'T1287': (3019, 3065, 1022, 1020, 1021), 'T1428': (1095, 1096, 3215, 3213, 3214), 'T282': (3004, 1035, 1038, 1037, 1036), 'T1366': (945, 948, 947, 946), 'T1209': (1155, 3126, 1156, 3124, 3125), 'T767': (3348, 3349, 3350, 977, 975, 976), 'T368': (3198, 3201, 736, 3200, 3199), 'T511': (3033, 1141, 1140, 3034, 3035), 'T652': (3544, 960, 1023, 961, 962), 'T636': (1262, 1261, 3141, 3139, 3140), 'T74': (795, 3380, 796, 3379, 3378), 'T1638': (1215, 1216, 3246, 3245, 3244, 3243), 'T1039': (3514, 1005, 1006, 3515, 1007), 'T309': (1053, 1050, 1051, 3485, 1052), 'T1219': (3425, 3424, 825, 826, 827), 'T258': (690, 691, 3306, 3305, 3304, 737, 3303), 'T385': (2990, 3365, 3605, 1083, 1080, 1082, 1081), 'T671': (3470, 3469, 855, 857, 856), 'T1208': (3080, 3078, 901, 3079, 900)}, 'chain_break_method': 'majority_vote', 'embedding_parameters': {}, 'chain_strength': 0.0010661684627146482}","[{'type': <class 'dwave.system.warnings.ChainLengthWarning'>, 'message': 'Chain length greater than 7', 'level': 30, 'data': {'target_variables': (3441, 1157, 3440, 705, 3439, 3438, 706, 707), 'source_variables': ['T1319']}}]"
28,28,"[877, 1209, 1086, 1017, 971, 241, 1606, 1357, 191, 1517, 1485, 239, 801, 841, 1399, 1208, 1387, 1582, 743, 144, 649, 424, 1589, 126, 110, 885, 733, 358, 1537, 465, 1310, 473, 1373, 511, 1253, 25, 1057, 1249, 904, 380]","[1017, 1537, 1582, 191, 885, 971]",6,"[71854.0, 80491.0, 617987.0, 87494.0, 54317.0, 104971.0]","[1.0, 0.8378378378378378, 1.0, 0.8, 1.0, 0.8333333333333334]",0.027115099617917,207,10.207536935806274,10.181781765806274,7.080973148345947,"{'qpu_sampling_time': 9998.0, 'qpu_anneal_time_per_sample': 20.0, 'qpu_readout_time_per_sample': 59.44, 'qpu_access_time': 25755.17, 'qpu_access_overhead_time': 1834.83, 'qpu_programming_time': 15757.17, 'qpu_delay_time_per_sample': 20.54, 'total_post_processing_time': 564.0, 'post_processing_overhead_time': 564.0}",e4988283-ce5c-4184-960f-087f6d21c934,"{'embedding': {'T1209': (2255, 3401, 3477, 2254, 2253, 2252), 'T877': (4017, 2420, 2419, 2417, 2418), 'T1086': (2327, 2330, 2329, 2328), 'T1017': (3942, 2358, 2359, 2360), 'T971': (2210, 3493, 3492, 2209, 2208), 'T241': (3987, 2298, 3956, 2299, 2300), 'T1606': (3628, 3625, 2478, 3626, 3627), 'T1357': (2372, 3972, 2375, 2373, 2374), 'T191': (2267, 3703, 2269, 2268, 3702), 'T1517': (3402, 2405, 2402, 2404, 2403), 'T1485': (3898, 2058, 2059, 3897, 3896), 'T239': (2028, 2030, 3762, 3761, 3760, 2029), 'T801': (2072, 3536, 3537, 3538, 2449, 2448, 2447), 'T841': (2285, 2284, 3552, 3551, 2283), 'T1399': (2178, 3790, 2179, 2224, 3792, 3791), 'T1208': (3579, 3582, 3581, 3580), 'T1387': (3808, 1923, 1924, 3807, 3806, 3805), 'T1582': (2195, 3508, 2194, 2193, 3507), 'T743': (3716, 3523, 3522, 3521, 2014, 2013), 'T144': (1938, 3673, 3672, 3670, 3671), 'T649': (2135, 3566, 2134, 3567, 2133), 'T424': (2089, 3912, 3911, 2088, 3910), 'T1589': (1968, 1969, 3777, 3776, 3774, 3775), 'T126': (3925, 2073, 3822, 3821, 2074), 'T110': (3853, 2118, 2119, 3851, 3852), 'T885': (3613, 1984, 1983, 1998, 3612, 3610, 3611), 'T733': (3643, 3642, 2223, 3640, 3641), 'T358': (2148, 2149, 3747, 3745, 3746), 'T1537': (3957, 2390, 2388, 2389), 'T465': (3594, 3595, 3597, 3596), 'T1310': (2315, 2312, 2313, 2314), 'T473': (2463, 2464, 3926, 3927, 2465), 'T1373': (3718, 3717, 2239, 2237, 2238), 'T511': (3729, 2433, 3730, 3732, 3731), 'T1253': (2345, 2344, 3462, 2343), 'T25': (2043, 3883, 3882, 3881, 2044), 'T1057': (2165, 3657, 3701, 2163, 3656, 2164), 'T1249': (1999, 1878, 3685, 3688, 3687, 3686), 'T904': (3715, 3838, 1894, 3837, 1893, 3836, 3835), 'T380': (3868, 2103, 2104, 3867, 3866)}, 'chain_break_method': 'majority_vote', 'embedding_parameters': {}, 'chain_strength': 0.0010976592840637443}",[]
29,29,"[877, 1380, 997, 1066, 760, 660, 754, 656, 663, 484, 1658, 1478, 13, 470, 574, 570, 1203, 1418, 103, 1544, 724, 870, 694, 115, 1548, 1638, 1392, 992, 318, 1209, 1005, 1611, 610, 1261, 303, 669, 665, 419, 640, 742]","[1005, 1418, 1658, 470]",4,"[62458.0, 77330.0, 62162.0, 54526.0]","[0.5454545454545454, 1.0, 0.5, 0.4782608695652174]",0.0155043569636702,210,9.268443822860718,9.238671852860717,7.470484733581543,"{'qpu_sampling_time': 14014.0, 'qpu_anneal_time_per_sample': 20.0, 'qpu_readout_time_per_sample': 99.6, 'qpu_access_time': 29771.97, 'qpu_access_overhead_time': 1115.03, 'qpu_programming_time': 15757.97, 'qpu_delay_time_per_sample': 20.54, 'total_post_processing_time': 2049.0, 'post_processing_overhead_time': 2049.0}",f4c5542e-12c1-4a54-8f98-685f5a605de0,"{'embedding': {'T1380': (5452, 914, 5451, 5450, 5449), 'T877': (5181, 5331, 1244, 1242, 1243), 'T997': (1139, 5076, 1138, 1137, 5075), 'T1066': (972, 973, 5524, 5526, 5525), 'T760': (5166, 1079, 5165, 1078, 1077), 'T660': (5388, 5389, 1408, 5391, 5390), 'T754': (779, 5464, 5465, 5467, 5466), 'T656': (1363, 5497, 5494, 5495, 5496), 'T663': (1378, 5538, 5541, 988, 5540, 5539), 'T484': (5405, 5406, 1302, 1304, 1303), 'T1658': (1019, 1018, 5226, 1017, 5225), 'T1478': (5315, 1183, 1182, 5317, 5316), 'T13': (5554, 5152, 1034, 1033, 1032, 5151, 5150), 'T470': (5015, 1199, 1196, 1197, 1198), 'T574': (899, 5346, 5345, 5374, 5344, 898), 'T570': (1274, 5091, 5256, 1272, 1273), 'T1203': (1394, 5509, 5510, 5512, 793, 5511), 'T1418': (1181, 5180, 5179, 1049, 1048, 1047), 'T103': (5330, 1108, 5556, 5555, 1109), 'T1544': (869, 5421, 5420, 5419, 868), 'T724': (1064, 5211, 1063, 5210, 1062), 'T870': (5571, 943, 5570, 5569, 944), 'T694': (5121, 1287, 5376, 1289, 1288), 'T115': (764, 5482, 5481, 5479, 5480), 'T1548': (884, 883, 5361, 5360, 5359), 'T1638': (837, 838, 5434, 5436, 5435), 'T1392': (1346, 5615, 1347, 1348, 1349, 5616), 'T992': (5299, 5422, 5300, 5301, 1393, 5302, 1392), 'T318': (1318, 5585, 5586, 1319), 'T1209': (1212, 5375, 1214, 1213), 'T1005': (1004, 1003, 5241, 1002, 5240), 'T1611': (5135, 5136, 1257, 1259, 1258), 'T610': (5196, 1124, 1123, 5195, 1122), 'T1261': (959, 1377, 958, 5285, 5286, 5287), 'T303': (1151, 5255, 1152, 1154, 1153), 'T669': (1092, 1093, 5601, 5600, 1094), 'T665': (5630, 5631, 1334, 1331, 1332, 1333), 'T419': (929, 928, 5271, 5270, 5269), 'T640': (1229, 5646, 1226, 1227, 1228), 'T742': (5090, 5030, 1166, 1169, 1168, 1167)}, 'chain_break_method': 'majority_vote', 'embedding_parameters': {}, 'chain_strength': 0.0010069354250169683}",[]
30,30,"[64, 1254, 860, 867, 378, 843, 1271, 957, 1641, 1078, 421, 1196, 223, 281, 1090, 1582, 1569, 602, 181, 1103, 1164, 18, 1421, 1479, 176, 678, 1184, 1526, 1571, 951, 1444, 849, 1194, 1581, 1316, 768, 1415, 915, 1209, 1455]","[1444, 1455, 1479, 1582, 176, 860, 951]",7,"[55580.0, 629629.0, 572364.0, 617987.0, 66652.0, 57186.0, 107798.0]","[0.6363636363636364, 1.0, 0.9761904761904762, 1.0, 0.75, 0.6428571428571429, 1.0]",0.0458740337803235,222,19.99542260169983,19.962561031699828,18.164568662643436,"{'qpu_sampling_time': 17104.0, 'qpu_anneal_time_per_sample': 20.0, 'qpu_readout_time_per_sample': 130.5, 'qpu_access_time': 32861.57, 'qpu_access_overhead_time': 1628.43, 'qpu_programming_time': 15757.57, 'qpu_delay_time_per_sample': 20.54, 'total_post_processing_time': 2047.0, 'post_processing_overhead_time': 2047.0}",e56f7417-c2db-41e5-81fd-f8f0bfc819b4,"{'embedding': {'T1254': (3766, 830, 829, 3767, 3768), 'T64': (3979, 305, 3976, 3978, 3977), 'T860': (486, 3933, 3932, 485, 3931), 'T867': (3721, 3722, 666, 665, 664), 'T378': (4201, 441, 679, 680, 681, 4202, 4203), 'T843': (4126, 352, 349, 350, 351), 'T1271': (4306, 574, 575, 576, 4307, 4172, 577), 'T957': (320, 3886, 3887, 3888, 634), 'T1641': (215, 275, 3945, 3946, 3948, 3947), 'T1078': (815, 4036, 4037, 4039, 4038), 'T421': (3856, 724, 3857, 3858, 726, 725), 'T1196': (499, 4141, 500, 501, 4142), 'T223': (635, 4009, 4006, 4007, 4008), 'T281': (3871, 890, 3872, 3873, 3874), 'T1090': (3889, 875, 3994, 3993, 3991, 3992), 'T1582': (3826, 3827, 3828, 741, 739, 740), 'T1569': (412, 3646, 409, 411, 410), 'T602': (771, 3751, 3752, 3753, 769, 770), 'T181': (3961, 3964, 3963, 3962), 'T1103': (755, 3901, 860, 3902, 3903), 'T1164': (397, 396, 394, 395), 'T18': (337, 333, 4171, 334, 335, 336), 'T1421': (3798, 800, 3781, 3782, 3783, 799), 'T1479': (649, 651, 4096, 4097, 650), 'T176': (4051, 695, 696, 4054, 4052, 4053), 'T678': (3918, 515, 3916, 3917), 'T1184': (562, 559, 560, 561, 4112, 4111), 'T1526': (4082, 382, 4081, 379, 381, 380), 'T1571': (785, 3811, 3812, 3813, 784), 'T951': (516, 469, 4068, 4066, 470, 4067), 'T1444': (589, 4158, 4156, 590, 591, 4157), 'T849': (3647, 4276, 453, 454, 456, 455), 'T1194': (547, 4216, 4217, 4218, 710, 4083, 711), 'T1581': (4187, 4186, 423, 426, 424, 425), 'T1316': (439, 4023, 4021, 4022, 440), 'T768': (4291, 364, 365, 367, 366), 'T1415': (3737, 3796, 3797, 531, 530, 529), 'T915': (348, 621, 3631, 3632, 620, 619, 618), 'T1209': (3844, 3841, 546, 545, 3843, 3842), 'T1455': (604, 4127, 4261, 4262, 605, 606)}, 'chain_break_method': 'majority_vote', 'embedding_parameters': {}, 'chain_strength': 0.001192250360682079}","[{'type': <class 'dwave.system.warnings.ChainStrengthWarning'>, 'message': 'Some quadratic biases are stronger than the given chain strength', 'level': 30, 'data': {'source_interactions': [('T1582', 'T1641'), ('T1455', 'T1641'), ('T1455', 'T1582')]}}, {'type': <class 'dwave.system.warnings.ChainBreakWarning'>, 'message': 'Lowest-energy samples contain a broken chain', 'level': 40, 'data': {'target_variables': (215, 275, 3945, 3946, 3948, 3947), 'source_variables': ['T1641'], 'sample_index': 0}}, {'type': <class 'dwave.system.warnings.ChainBreakWarning'>, 'message': 'Lowest-energy samples contain a broken chain', 'level': 40, 'data': {'target_variables': (3889, 875, 3994, 3993, 3991, 3992), 'source_variables': ['T1090'], 'sample_index': 0}}, {'type': <class 'dwave.system.warnings.ChainBreakWarning'>, 'message': 'Lowest-energy samples contain a broken chain', 'level': 40, 'data': {'target_variables': (3826, 3827, 3828, 741, 739, 740), 'source_variables': ['T1582'], 'sample_index': 0}}, {'type': <class 'dwave.system.warnings.ChainBreakWarning'>, 'message': 'Lowest-energy samples contain a broken chain', 'level': 40, 'data': {'target_variables': (771, 3751, 3752, 3753, 769, 770), 'source_variables': ['T602'], 'sample_index': 0}}, {'type': <class 'dwave.system.warnings.ChainBreakWarning'>, 'message': 'Lowest-energy samples contain a broken chain', 'level': 40, 'data': {'target_variables': (755, 3901, 860, 3902, 3903), 'source_variables': ['T1103'], 'sample_index': 0}}, {'type': <class 'dwave.system.warnings.ChainBreakWarning'>, 'message': 'Lowest-energy samples contain a broken chain', 'level': 40, 'data': {'target_variables': (785, 3811, 3812, 3813, 784), 'source_variables': ['T1571'], 'sample_index': 0}}]"
31,31,"[962, 296, 26, 690, 1058, 449, 983, 1468, 725, 1624, 424, 426, 500, 1444, 368, 90, 1601, 831, 1345, 491, 121, 1263, 1245, 915, 297, 373, 1021, 1221, 1490, 1586, 360, 892, 730, 959, 1115, 1232, 1639, 554, 654, 359]","[1115, 1221, 1232, 1586, 296, 983]",6,"[69823.0, 104393.0, 111052.0, 601580.0, 56380.0, 110340.0]","[0.7058823529411765, 0.7142857142857143, 1.0, 1.0, 1.0, 0.6923076923076923]",0.0254217691804125,207,14.058889150619509,14.029456780619508,12.236012935638428,"{'qpu_sampling_time': 13676.0, 'qpu_anneal_time_per_sample': 20.0, 'qpu_readout_time_per_sample': 96.22, 'qpu_access_time': 29432.37, 'qpu_access_overhead_time': 1757.63, 'qpu_programming_time': 15756.37, 'qpu_delay_time_per_sample': 20.54, 'total_post_processing_time': 491.0, 'post_processing_overhead_time': 491.0}",2855a344-d01b-4344-b660-aa6fd4c6b4f4,"{'embedding': {'T296': (612, 5241, 5240, 5237, 5238, 5239), 'T962': (5178, 5179, 1033, 1032), 'T26': (658, 5225, 657, 5224, 5223), 'T690': (1197, 5357, 5360, 5358, 5359), 'T1058': (1123, 5298, 5299, 1212, 5301, 5300), 'T449': (5330, 642, 5328, 5329), 'T983': (597, 5210, 5209, 5208, 5207), 'T1468': (732, 5390, 733, 5389, 5388), 'T725': (5164, 688, 687, 5163, 5162), 'T1624': (761, 5028, 4999, 4998, 853, 852, 851), 'T424': (1182, 5286, 598, 5283, 5285, 5284), 'T426': (5434, 762, 5433, 764, 763), 'T500': (4970, 5569, 941, 944, 943, 942), 'T1444': (5331, 1152, 5270, 5268, 5269), 'T368': (5014, 703, 702, 701, 5013), 'T90': (1046, 1047, 5464, 5465, 1048), 'T1601': (5133, 5134, 1063, 5135, 1062), 'T831': (5478, 5479, 1002, 1003, 5480), 'T1345': (971, 972, 5255, 5253, 5254), 'T491': (5494, 884, 5029, 883, 882, 881), 'T121': (5539, 914, 911, 913, 912), 'T1263': (5420, 643, 747, 5419, 748, 5418), 'T1245': (5089, 5088, 779, 778, 777), 'T915': (5192, 5195, 5194, 5193), 'T297': (5044, 836, 838, 837), 'T373': (899, 898, 896, 897), 'T1021': (793, 792, 5105, 5104, 791), 'T1221': (1167, 5345, 5342, 5343, 5344), 'T1490': (4969, 869, 866, 867, 868), 'T1586': (5538, 5074, 820, 823, 822, 821), 'T360': (5165, 5448, 1077, 1078, 5450, 5449), 'T892': (5510, 854, 806, 807, 808, 5509), 'T730': (1015, 1016, 1017, 5523, 5524, 1018), 'T959': (5375, 717, 718, 5374, 5373), 'T1115': (1093, 1092, 1001, 5149, 5150), 'T1232': (959, 956, 5584, 958, 957), 'T1639': (988, 5059, 986, 987), 'T554': (5599, 929, 928, 926, 927), 'T654': (5267, 627, 5313, 5315, 5314), 'T359': (1108, 5403, 5404, 1137, 1138, 5405)}, 'chain_break_method': 'majority_vote', 'embedding_parameters': {}, 'chain_strength': 0.001084596904972688}","[{'type': <class 'dwave.system.warnings.ChainStrengthWarning'>, 'message': 'Some quadratic biases are stronger than the given chain strength', 'level': 30, 'data': {'source_interactions': [('T1639', 'T1586')]}}, {'type': <class 'dwave.system.warnings.ChainBreakWarning'>, 'message': 'Lowest-energy samples contain a broken chain', 'level': 40, 'data': {'target_variables': (5331, 1152, 5270, 5268, 5269), 'source_variables': ['T1444'], 'sample_index': 0}}]"
32,32,"[631, 65, 720, 246, 168, 1253, 695, 141, 848, 699, 619, 643, 613, 965, 1075, 1197, 917, 429, 47, 715, 534, 1560, 225, 846, 1661, 781, 1109, 1615, 276, 396, 668, 783, 1037, 659, 230, 500, 78, 169, 1461, 242]","[1075, 1109, 1661, 965]",4,"[61787.0, 107064.0, 137813.0, 103091.0]","[1.0, 1.0, 1.0, 0.8]",0.018376784160185,216,10.188734292984009,10.16128672298401,8.362736940383911,"{'qpu_sampling_time': 11690.0, 'qpu_anneal_time_per_sample': 20.0, 'qpu_readout_time_per_sample': 76.36, 'qpu_access_time': 27447.57, 'qpu_access_overhead_time': 2491.43, 'qpu_programming_time': 15757.57, 'qpu_delay_time_per_sample': 20.54, 'total_post_processing_time': 325.0, 'post_processing_overhead_time': 325.0}",8df35709-1907-4fe3-972f-47d25b806fce,"{'embedding': {'T65': (4265, 1057, 1058, 1060, 1059), 'T631': (1448, 4595, 4596, 4597, 1449), 'T720': (1135, 1134, 1132, 1133), 'T246': (4761, 4760, 967, 968, 969), 'T168': (4519, 4522, 4521, 1043, 4520), 'T1253': (4504, 4507, 4506, 4505), 'T695': (4568, 1523, 4549, 4550, 4552, 4551), 'T141': (893, 4444, 4447, 4446, 4445), 'T848': (4654, 4655, 1388, 4656, 1389), 'T699': (4310, 1179, 1178, 1177), 'T619': (1419, 1418, 4417, 938, 4415, 4416), 'T643': (4309, 4865, 1027, 1028, 1029, 1030), 'T613': (1359, 4792, 982, 983, 984, 4791, 4790), 'T965': (4462, 4459, 4461, 878, 4460), 'T1075': (4611, 939, 4610, 997, 998), 'T1197': (4640, 1072, 1073, 1075, 1074), 'T917': (1207, 1284, 4400, 1283, 4401), 'T429': (1253, 4432, 4491, 4430, 4431), 'T47': (4294, 4295, 4296, 1344, 1343, 1342), 'T715': (4747, 4746, 4745, 955, 953, 954), 'T534': (1165, 4805, 1162, 1163, 1164), 'T1560': (4714, 1270, 4715, 1208, 1209, 4716), 'T225': (4849, 4731, 4641, 4851, 1240, 1238, 4850, 1239), 'T846': (863, 4564, 4567, 4565, 4566), 'T1661': (1358, 4537, 4534, 4535, 4536), 'T781': (4730, 1147, 1148, 1149), 'T1109': (4669, 4670, 4671, 1403, 1404), 'T1615': (1254, 4700, 1329, 1313, 1314, 4701), 'T276': (1267, 1269, 4385, 4386, 1268), 'T396': (4324, 4325, 4326, 1300, 1299, 1297, 1298), 'T668': (4190, 1102, 1103, 1105, 1104), 'T783': (4357, 1463, 1464, 4687, 4686, 4685, 999), 'T1037': (4508, 1568, 4583, 4580, 4581, 4582), 'T659': (4866, 1225, 1222, 1224, 4490, 1223), 'T230': (4612, 4477, 4474, 1373, 4475, 4476), 'T500': (1194, 1193, 4356, 4355, 1192), 'T78': (1117, 4880, 1118, 1120, 1119), 'T169': (4776, 1012, 1013, 4775, 1014), 'T1461': (1087, 1088, 1089, 4820, 1090), 'T242': (1327, 1328, 4627, 4624, 4625, 4626)}, 'chain_break_method': 'majority_vote', 'embedding_parameters': {}, 'chain_strength': 0.0012044439874701034}","[{'type': <class 'dwave.system.warnings.ChainLengthWarning'>, 'message': 'Chain length greater than 7', 'level': 30, 'data': {'target_variables': (4849, 4731, 4641, 4851, 1240, 1238, 4850, 1239), 'source_variables': ['T225']}}, {'type': <class 'dwave.system.warnings.ChainBreakWarning'>, 'message': 'Lowest-energy samples contain a broken chain', 'level': 40, 'data': {'target_variables': (863, 4564, 4567, 4565, 4566), 'source_variables': ['T846'], 'sample_index': 0}}]"
33,33,"[880, 1383, 785, 264, 68, 1194, 95, 1662, 1436, 28, 351, 1223, 1477, 1215, 1511, 1137, 16, 1094, 25, 1121, 821, 406, 221, 372, 470, 528, 362, 1439, 1050, 32, 61, 600, 915, 1517, 1621, 1501, 1086, 24, 94, 426]","[1121, 1439, 1477, 1662, 24]",5,"[101922.0, 75331.0, 563338.0, 168640.0, 54792.0]","[0.6470588235294118, 0.75, 0.75, 1.0, 1.0]",0.0244937387542878,204,9.106582880020142,9.076990910020141,7.308589458465576,"{'qpu_sampling_time': 13836.0, 'qpu_anneal_time_per_sample': 20.0, 'qpu_readout_time_per_sample': 97.82, 'qpu_access_time': 29591.97, 'qpu_access_overhead_time': 948.03, 'qpu_programming_time': 15755.97, 'qpu_delay_time_per_sample': 20.54, 'total_post_processing_time': 285.0, 'post_processing_overhead_time': 285.0}",4b82d552-27aa-41aa-8047-ba1a593b4dfe,"{'embedding': {'T1383': (608, 4608, 4607, 491, 489, 490), 'T880': (4563, 581, 579, 580), 'T785': (4863, 4862, 4861, 371, 370), 'T264': (4637, 551, 549, 550), 'T68': (4773, 4772, 4770, 4771), 'T1194': (4623, 4622, 521, 519, 520), 'T95': (4893, 4891, 4892, 145, 4890), 'T1662': (4653, 4652, 4651, 429, 430), 'T1436': (4668, 609, 610, 4667, 611), 'T28': (4578, 685, 684, 683, 686), 'T351': (729, 730, 5056, 731, 5058, 5057), 'T1223': (5013, 5012, 536, 534, 535), 'T1477': (4743, 4742, 236, 4741, 5055, 235), 'T1215': (4953, 4952, 4951, 250, 249), 'T1511': (4998, 4997, 4996, 401, 400), 'T1137': (4683, 4682, 474, 475), 'T16': (4908, 4907, 4906, 130, 4905), 'T1094': (4593, 4592, 414, 4666, 444, 445), 'T25': (641, 640, 638, 639), 'T1121': (461, 4698, 4697, 459, 460), 'T821': (5043, 5042, 506, 504, 505), 'T406': (5027, 5028, 566, 564, 565), 'T221': (4923, 4922, 4920, 355, 191, 4921), 'T372': (656, 655, 653, 654), 'T470': (4728, 4727, 4726, 221, 4725, 220), 'T528': (294, 4788, 4787, 4785, 4786), 'T362': (311, 310, 4817, 4815, 4816), 'T1439': (4757, 4758, 279, 4756, 280, 4830), 'T1050': (4848, 4847, 4846, 295, 4845, 190), 'T32': (4878, 4877, 4876, 4875, 160), 'T61': (4938, 4937, 4935, 340, 4936), 'T600': (4833, 4832, 4831, 416, 415), 'T915': (4713, 4711, 4712, 206, 4710, 205), 'T1517': (4818, 745, 744, 4533, 746, 4532), 'T1621': (4548, 4547, 596, 594, 595), 'T1501': (4968, 4967, 4966, 265, 264), 'T1086': (4802, 4801, 4803, 325, 4800), 'T24': (5118, 671, 668, 669, 670), 'T94': (4983, 4982, 4981, 386, 385), 'T426': (4472, 626, 625, 623, 624)}, 'chain_break_method': 'majority_vote', 'embedding_parameters': {}, 'chain_strength': 0.0010666184931891797}",[]
34,34,"[1656, 22, 937, 80, 894, 1227, 414, 61, 971, 1075, 1273, 1499, 1609, 1229, 103, 1002, 1297, 1314, 44, 70, 739, 1171, 709, 1142, 1274, 570, 1466, 766, 1131, 390, 403, 1614, 624, 1038, 462, 1541, 152, 1536, 174, 1054]","[1075, 1229, 1274, 1297, 1614, 174, 971]",7,"[61787.0, 110236.0, 60488.0, 72168.0, 579019.0, 69009.0, 104971.0]","[1.0, 1.0, 0.75, 0.8333333333333334, 0.9333333333333332, 0.75, 0.8333333333333334]",0.0279044712286707,217,11.044213056564333,11.011145886564332,9.240894794464111,"{'qpu_sampling_time': 17310.0, 'qpu_anneal_time_per_sample': 20.0, 'qpu_readout_time_per_sample': 132.56, 'qpu_access_time': 33067.17, 'qpu_access_overhead_time': 3549.83, 'qpu_programming_time': 15757.17, 'qpu_delay_time_per_sample': 20.54, 'total_post_processing_time': 255.0, 'post_processing_overhead_time': 255.0}",f94cfaa6-26c8-48e6-b9d7-ec832bcca854,"{'embedding': {'T22': (170, 634, 3918, 3915, 3916, 3917), 'T1656': (424, 425, 426, 4277, 4276), 'T937': (4202, 4203, 725, 3978, 635, 636), 'T80': (529, 532, 531, 530), 'T894': (349, 350, 4127, 4126, 351), 'T1227': (319, 367, 4188, 4187, 320, 321, 4186), 'T414': (274, 275, 276, 4143, 4142, 4141), 'T61': (3782, 484, 487, 486, 485), 'T971': (622, 589, 3767, 621, 620, 619), 'T1075': (3870, 109, 3810, 3813, 3812, 3811), 'T1273': (709, 710, 4023, 4021, 4022), 'T1499': (4337, 560, 561, 562), 'T1609': (4367, 3751, 3752, 607, 604, 605, 606), 'T1229': (649, 650, 4036, 4038, 4037), 'T103': (201, 200, 3933, 3932, 3931, 3930), 'T1002': (499, 502, 501, 3902, 3901, 500), 'T1297': (547, 4322, 592, 590, 591), 'T1314': (412, 4051, 4053, 410, 411, 4052), 'T44': (186, 185, 3960, 3963, 3962, 3961), 'T70': (679, 3825, 3826, 3828, 3827), 'T739': (334, 335, 4082, 4081, 337, 336), 'T1171': (740, 3858, 3856, 3857), 'T709': (230, 231, 4112, 4111, 4110), 'T1142': (4233, 439, 440, 441, 4232), 'T1274': (261, 666, 259, 4097, 4096, 260, 4095), 'T570': (3840, 3841, 3843, 3842), 'T1466': (3797, 454, 455, 457, 456), 'T766': (4216, 694, 4217, 695, 696, 4218, 681), 'T1131': (4158, 4157, 380, 381, 4156), 'T390': (546, 664, 665, 3991, 3992, 3993), 'T403': (3975, 306, 304, 3977, 3976, 305), 'T1614': (545, 3886, 3888, 3887), 'T624': (4248, 4247, 397, 395, 396), 'T1038': (215, 680, 3871, 3872, 3873), 'T462': (469, 471, 4007, 470), 'T1541': (651, 244, 4262, 4261, 4260, 246, 245, 3990), 'T152': (514, 517, 516, 515), 'T1536': (289, 4068, 4067, 290, 4066), 'T174': (366, 3945, 365, 3948, 3947, 3946), 'T1054': (4172, 4292, 575, 576, 577)}, 'chain_break_method': 'majority_vote', 'embedding_parameters': {}, 'chain_strength': 0.0010922989254890086}","[{'type': <class 'dwave.system.warnings.ChainLengthWarning'>, 'message': 'Chain length greater than 7', 'level': 30, 'data': {'target_variables': (651, 244, 4262, 4261, 4260, 246, 245, 3990), 'source_variables': ['T1541']}}]"
35,35,"[342, 878, 970, 1152, 337, 588, 575, 1491, 1625, 861, 198, 37, 564, 374, 1456, 358, 1611, 422, 1138, 1332, 1507, 824, 377, 781, 568, 319, 605, 677, 607, 1135, 1262, 1151, 826, 1300, 802, 1036, 28, 118, 129, 1025]","[1135, 1151, 1152, 1456, 1625]",5,"[102897.0, 102597.0, 105094.0, 632303.0, 562651.0]","[0.75, 0.7619047619047619, 0.75, 1.0, 0.8461538461538461]",0.0219420624156941,216,9.554510831832886,9.526997261832886,7.704108715057373,"{'qpu_sampling_time': 11754.0, 'qpu_anneal_time_per_sample': 20.0, 'qpu_readout_time_per_sample': 77.0, 'qpu_access_time': 27513.57, 'qpu_access_overhead_time': 1779.43, 'qpu_programming_time': 15759.57, 'qpu_delay_time_per_sample': 20.54, 'total_post_processing_time': 619.0, 'post_processing_overhead_time': 619.0}",4de7f4dd-5137-4969-b9d5-9f7a9f1abe24,"{'embedding': {'T878': (3546, 3549, 3548, 3547), 'T342': (3594, 1278, 3593, 3591, 3592), 'T970': (1696, 3636, 3637, 3638, 1697, 1698), 'T1152': (1788, 3667, 1787, 3668, 1294, 3669), 'T337': (3697, 3698, 1562, 1563, 1564), 'T588': (1501, 1503, 3427, 1502), 'T575': (3682, 1757, 3683, 1758, 3684), 'T1491': (3803, 1381, 3802, 1382, 1384, 1383), 'T1625': (1727, 1728, 3741, 3742, 3743), 'T861': (1773, 3517, 3518, 3519), 'T198': (3788, 3787, 3158, 1399, 3157, 1396, 1398, 1397), 'T37': (1639, 1607, 3502, 1638, 3503), 'T564': (3621, 3622, 1833, 3624, 3623), 'T374': (3772, 1429, 1426, 1428, 1427), 'T1456': (1744, 3381, 1743, 3382, 3383, 1742), 'T358': (1293, 3578, 3576, 3577), 'T1611': (3353, 1459, 3352, 1457, 1458), 'T422': (3474, 3471, 1669, 1668, 3472, 3473), 'T1138': (3366, 1368, 3247, 1367, 1366), 'T1332': (3187, 1471, 1474, 1473, 1472), 'T1507': (1576, 1579, 1578, 3367, 1577), 'T824': (3441, 1652, 3442, 1593, 1592, 3444, 3443), 'T377': (3504, 3712, 3713, 1653, 1654, 3714), 'T781': (1712, 3456, 1863, 3457, 3458, 3459, 1862), 'T568': (3535, 3534, 1337, 1263, 3531, 3533, 3532), 'T319': (3217, 3216, 1321, 1323, 1322), 'T605': (3276, 3428, 1683, 1682, 1681, 3278, 3277), 'T677': (3726, 3727, 1489, 1487, 1488), 'T607': (3293, 3291, 1309, 3292, 1308, 1307), 'T1135': (1804, 1803, 1818, 3487, 3488, 3489), 'T1262': (3172, 3112, 1444, 1441, 1442, 1443), 'T1151': (3337, 1624, 3338, 1622, 1623), 'T826': (1848, 3561, 3564, 3563, 3562), 'T1300': (1411, 1412, 1414, 1413), 'T802': (3262, 1518, 1517, 1516), 'T1036': (1233, 3609, 3606, 3607, 3608), 'T28': (1533, 3396, 1531, 3397, 1532), 'T118': (1548, 3231, 3232, 1306, 1546, 1547), 'T129': (3323, 1353, 3322, 1352, 1351), 'T1025': (1819, 3651, 3654, 1608, 3652, 3653)}, 'chain_break_method': 'majority_vote', 'embedding_parameters': {}, 'chain_strength': 0.0010619445736520041}","[{'type': <class 'dwave.system.warnings.ChainStrengthWarning'>, 'message': 'Some quadratic biases are stronger than the given chain strength', 'level': 30, 'data': {'source_interactions': [('T1456', 'T1625')]}}, {'type': <class 'dwave.system.warnings.ChainLengthWarning'>, 'message': 'Chain length greater than 7', 'level': 30, 'data': {'target_variables': (3788, 3787, 3158, 1399, 3157, 1396, 1398, 1397), 'source_variables': ['T198']}}, {'type': <class 'dwave.system.warnings.ChainBreakWarning'>, 'message': 'Lowest-energy samples contain a broken chain', 'level': 40, 'data': {'target_variables': (1804, 1803, 1818, 3487, 3488, 3489), 'source_variables': ['T1135'], 'sample_index': 0}}]"
36,36,"[1407, 288, 942, 1501, 1022, 913, 1102, 174, 207, 1350, 243, 851, 1148, 1120, 1423, 1190, 1534, 917, 332, 1270, 1397, 564, 1414, 636, 38, 817, 1396, 557, 1126, 1150, 15, 814, 1417, 928, 294, 56, 1573, 642, 1263, 1394]","[1022, 1148, 1270, 1501, 174, 557, 817]",7,"[74888.0, 103064.0, 57381.0, 289074.0, 69009.0, 56705.0, 57110.0]","[1.0, 0.7058823529411765, 1.0, 0.4666666666666667, 0.75, 0.5625, 0.9565217391304348]",0.0353410475717262,215,13.142677545547484,13.115355975547484,9.6531183719635,"{'qpu_sampling_time': 11564.0, 'qpu_anneal_time_per_sample': 20.0, 'qpu_readout_time_per_sample': 75.1, 'qpu_access_time': 27321.57, 'qpu_access_overhead_time': 836.43, 'qpu_programming_time': 15757.57, 'qpu_delay_time_per_sample': 20.54, 'total_post_processing_time': 389.0, 'post_processing_overhead_time': 389.0}",9c3b723b-42d7-4eae-9236-dc5e83f2d4e3,"{'embedding': {'T288': (1742, 3022, 3023, 3279, 1740, 1741, 3233), 'T1407': (3548, 1683, 1680, 1681, 1682), 'T942': (3562, 3563, 1727, 1725, 1726), 'T1501': (1635, 3443, 1638, 1636, 1637), 'T1022': (3398, 3397, 1487, 1486, 1485, 2993), 'T913': (2994, 3503, 1785, 1786, 3504, 1787), 'T1102': (3186, 3189, 1456, 3188, 3187), 'T174': (1365, 3157, 3160, 3159, 3158), 'T207': (1578, 1575, 1576, 3473, 1577), 'T1350': (3112, 3115, 3113, 3114), 'T243': (1815, 1816, 3353, 3354, 1817), 'T851': (3232, 1515, 1593, 3533, 1517, 1516), 'T1148': (3518, 1623, 1620, 1621, 1622), 'T1120': (1440, 1905, 3054, 3052, 3053), 'T1423': (3204, 3202, 3203, 1590, 1591), 'T1190': (2979, 1608, 2978, 1607, 1605, 1606), 'T1534': (1845, 3262, 3263, 3264, 1846), 'T917': (1860, 1861, 3369, 3367, 3368), 'T332': (1395, 3039, 1335, 3038, 3037, 3036), 'T1270': (3428, 1532, 3429, 1530, 1531), 'T1397': (3085, 3084, 1350, 3083, 3082), 'T564': (1563, 1560, 1561, 3458, 1562), 'T1414': (3172, 3173, 1801, 3175, 3174), 'T636': (3142, 1890, 3145, 3143, 3144), 'T38': (3295, 1410, 3294, 1411, 3292, 3293), 'T817': (1650, 1651, 3623, 1653, 1652), 'T1396': (3217, 3218, 1757, 1755, 1756), 'T557': (3608, 1665, 1668, 1666, 1667), 'T1126': (3322, 1381, 3069, 3068, 3067, 1380), 'T1150': (1396, 1831, 1351, 3249, 1441, 3248, 3247), 'T15': (2933, 3547, 1473, 1472, 1471, 1470, 2932), 'T814': (1548, 1547, 3278, 1545, 1546), 'T1417': (3339, 1502, 3338, 1500, 1501), 'T928': (3250, 3234, 1920, 3323, 3324, 3325, 1921), 'T294': (3412, 3519, 1695, 3413, 1697, 1696), 'T56': (1996, 3127, 3128, 3129, 3130), 'T1573': (3488, 3489, 1710, 1711, 1712), 'T642': (1875, 1876, 3384, 3382, 1592, 3383), 'T1263': (3310, 1770, 1771, 3308, 3309), 'T1394': (3097, 3100, 3099, 3098)}, 'chain_break_method': 'majority_vote', 'embedding_parameters': {}, 'chain_strength': 0.0011050164354715064}","[{'type': <class 'dwave.system.warnings.ChainBreakWarning'>, 'message': 'Lowest-energy samples contain a broken chain', 'level': 40, 'data': {'target_variables': (3548, 1683, 1680, 1681, 1682), 'source_variables': ['T1407'], 'sample_index': 0}}, {'type': <class 'dwave.system.warnings.ChainBreakWarning'>, 'message': 'Lowest-energy samples contain a broken chain', 'level': 40, 'data': {'target_variables': (3562, 3563, 1727, 1725, 1726), 'source_variables': ['T942'], 'sample_index': 0}}, {'type': <class 'dwave.system.warnings.ChainBreakWarning'>, 'message': 'Lowest-energy samples contain a broken chain', 'level': 40, 'data': {'target_variables': (3488, 3489, 1710, 1711, 1712), 'source_variables': ['T1573'], 'sample_index': 0}}, {'type': <class 'UserWarning'>, 'message': 'All samples have broken chains', 'level': 30, 'data': {}}]"
37,37,"[883, 293, 298, 313, 30, 252, 1046, 699, 1603, 1546, 1393, 592, 1113, 439, 112, 1512, 852, 796, 550, 465, 1063, 756, 802, 1338, 9, 940, 466, 53, 780, 173, 1321, 382, 618, 86, 1538, 611, 1412, 1358, 304, 705]","[1063, 1113, 1338, 173, 940]",5,"[63430.0, 100698.0, 70987.0, 76132.0, 54256.0]","[1.0, 0.6470588235294118, 0.8837209302325582, 0.75, 0.5862068965517241]",0.0140779877784167,226,10.466132402420044,10.438685632420045,8.622008323669434,"{'qpu_sampling_time': 11686.0, 'qpu_anneal_time_per_sample': 20.0, 'qpu_readout_time_per_sample': 76.32, 'qpu_access_time': 27446.77, 'qpu_access_overhead_time': 2983.23, 'qpu_programming_time': 15760.77, 'qpu_delay_time_per_sample': 20.54, 'total_post_processing_time': 260.0, 'post_processing_overhead_time': 260.0}",f40bacfb-2d74-499b-9fac-9d6a8dd8b78d,"{'embedding': {'T293': (1263, 3606, 3609, 3607, 1173, 3608), 'T883': (1804, 1682, 1803, 3487, 3488, 1787, 3489), 'T298': (3128, 1515, 1516, 1518, 1517), 'T313': (1848, 1908, 3576, 3579, 3578, 3577), 'T30': (3263, 1591, 1592, 1594, 1590, 1593), 'T252': (3728, 1501, 3727, 1503, 1502), 'T1046': (1923, 3594, 3593, 3591, 3592), 'T699': (3651, 3652, 1683, 3654, 3653), 'T1603': (3352, 1681, 3353, 1773, 1772, 3354), 'T1546': (3323, 3324, 3322, 1666, 1669, 1668, 1667), 'T1393': (3698, 1564, 1561, 1563, 1562), 'T592': (3381, 3383, 1428, 1427, 3382), 'T1113': (3670, 3669, 3666, 3667, 3668), 'T439': (3277, 3262, 1459, 1456, 3412, 1458, 1457), 'T112': (1698, 1697, 1757, 3396, 3397, 3398), 'T1512': (3474, 1444, 3471, 1443, 3473, 3472), 'T852': (3143, 1486, 3773, 1487, 1488, 1489, 3772), 'T796': (3561, 1758, 3562, 3564, 3563), 'T550': (1788, 3636, 1849, 3639, 3637, 3638), 'T465': (1819, 1818, 3532, 3533, 3534), 'T1063': (3249, 3546, 3248, 1353, 3247, 1351, 1352), 'T756': (1546, 1548, 3518, 1547), 'T802': (3444, 1383, 3441, 1382, 3443, 3442), 'T1338': (3548, 1474, 1472, 3547, 1473), 'T9': (3741, 3742, 3743, 1726, 1727, 1728), 'T940': (3429, 1368, 3426, 1367, 3428, 3427), 'T466': (3217, 3218, 1743, 3309, 1742, 1741), 'T53': (3456, 1878, 1877, 3459, 3458, 3457), 'T780': (3308, 3307, 1309, 1308, 1307), 'T173': (3501, 3504, 3503, 1323, 1322, 3502), 'T1321': (1624, 1623, 1621, 3278, 1622), 'T382': (1636, 3413, 1639, 1638, 1637), 'T618': (1398, 3294, 1397, 3292, 3293, 1396), 'T86': (3712, 3713, 3714, 1652, 1653, 1654), 'T1538': (1579, 1578, 3158, 1576, 1577), 'T611': (1863, 1278, 3621, 3622, 3624, 3623), 'T1412': (3233, 1533, 3232, 1531, 1532), 'T1358': (3337, 3338, 3339, 1606, 1608, 1607), 'T304': (3685, 3684, 3681, 3682, 3683), 'T705': (3368, 3367, 1411, 1413, 1412)}, 'chain_break_method': 'majority_vote', 'embedding_parameters': {}, 'chain_strength': 0.0010058249884543065}",[]
38,38,"[1082, 1330, 894, 1382, 682, 231, 111, 181, 1489, 1565, 1363, 1256, 737, 897, 1525, 1409, 1027, 1209, 1100, 1355, 53, 1531, 945, 1466, 1230, 128, 1312, 1396, 1607, 842, 1131, 1526, 704, 1041, 913, 1274, 314, 305, 540, 409]","[1100, 111, 1230, 1274, 1466, 1607]",6,"[100020.0, 54984.0, 110715.0, 60488.0, 79495.0, 591670.0]","[0.6875, 0.7727272727272727, 1.0, 0.75, 0.5833333333333334, 1.0]",0.0334309024247148,214,15.550178289413452,15.520019919413452,13.308225154876707,"{'qpu_sampling_time': 14400.0, 'qpu_anneal_time_per_sample': 20.0, 'qpu_readout_time_per_sample': 103.46, 'qpu_access_time': 30158.37, 'qpu_access_overhead_time': 631.63, 'qpu_programming_time': 15758.37, 'qpu_delay_time_per_sample': 20.54, 'total_post_processing_time': 2073.0, 'post_processing_overhead_time': 2073.0}",62967b32-c00d-4d32-b277-e90414fa10a7,"{'embedding': {'T1330': (5647, 5648, 1541, 1544, 1542, 1543), 'T1082': (1829, 1828, 5287, 5289, 5288), 'T894': (5258, 5257, 1409, 1408, 1407), 'T1382': (1844, 1843, 1753, 5407, 5408, 5409), 'T682': (1814, 1813, 5272, 5273, 5274), 'T231': (5302, 5137, 5182, 1424, 1423, 1422), 'T111': (5271, 5348, 5347, 1319, 5346, 1318), 'T181': (5378, 1394, 5377, 5376, 1392, 1393), 'T1489': (1511, 5108, 1634, 1633, 1632), 'T1565': (1348, 1769, 5544, 5543, 5541, 5542), 'T1363': (1709, 5197, 5198, 1708, 1707), 'T1256': (1647, 5303, 1649, 1648), 'T737': (5469, 5468, 1469, 5467), 'T897': (5663, 1619, 1616, 5183, 1617, 1618), 'T1525': (1601, 1604, 5138, 1603, 1602), 'T1409': (1436, 5032, 1529, 1526, 1528, 1527), 'T1027': (1364, 1363, 1362, 5228, 5227), 'T1209': (5078, 1379, 1378, 1377, 1376, 5077, 1467), 'T1100': (5590, 5586, 5589, 5588, 5587), 'T1355': (1694, 1663, 1693, 5422, 5423), 'T53': (5242, 5633, 1512, 1513, 1514, 5632), 'T1531': (5605, 5604, 5601, 5603, 5602), 'T945': (5123, 1484, 1482, 1483), 'T1466': (5361, 1783, 1934, 1933, 5362, 5363, 5364), 'T1230': (5451, 5515, 5514, 1304, 5512, 5513), 'T128': (5334, 1679, 1768, 5452, 5454, 5453), 'T1312': (1439, 5168, 1438, 5167, 1437), 'T1396': (5333, 1499, 1497, 1498), 'T1607': (5557, 1556, 1559, 1558, 1557), 'T842': (5152, 5153, 1587, 1589, 1588), 'T1131': (5212, 1692, 1724, 1723, 1722, 5213), 'T1526': (1664, 5481, 5484, 5483, 5482), 'T704': (1244, 1243, 5391, 5393, 1468, 5392), 'T1041': (5529, 1754, 5526, 5527, 5528), 'T913': (1574, 1571, 1572, 1573), 'T1274': (1737, 1738, 1784, 5497, 5498, 5499), 'T314': (1289, 5436, 5439, 5438, 5437), 'T305': (1799, 1798, 5319, 5317, 5318), 'T540': (5093, 5092, 1454, 1451, 1453, 1452), 'T409': (1259, 5574, 5571, 5573, 5572)}, 'chain_break_method': 'majority_vote', 'embedding_parameters': {}, 'chain_strength': 0.0011095759640687697}","[{'type': <class 'dwave.system.warnings.ChainStrengthWarning'>, 'message': 'Some quadratic biases are stronger than the given chain strength', 'level': 30, 'data': {'source_interactions': [('T1607', 'T1489')]}}]"
39,39,"[191, 862, 120, 1156, 646, 1002, 435, 702, 1078, 1509, 1530, 620, 1252, 1244, 1594, 812, 1077, 1376, 396, 430, 408, 217, 729, 197, 1279, 156, 1631, 441, 1535, 420, 344, 1202, 842, 776, 251, 1089, 719, 1001, 1028, 746]","[1077, 1089, 1156, 1535, 191, 862]",6,"[117682.0, 107336.0, 102039.0, 595637.0, 87494.0, 56763.0]","[0.6, 0.7058823529411765, 0.7777777777777778, 0.8235294117647058, 0.8, 0.6428571428571429]",0.0215142098944524,218,14.416091442108154,14.382952672108154,12.58890414237976,"{'qpu_sampling_time': 17380.0, 'qpu_anneal_time_per_sample': 20.0, 'qpu_readout_time_per_sample': 133.26, 'qpu_access_time': 33138.77, 'qpu_access_overhead_time': 2536.23, 'qpu_programming_time': 15758.77, 'qpu_delay_time_per_sample': 20.54, 'total_post_processing_time': 1953.0, 'post_processing_overhead_time': 1953.0}",b1c10373-d2fd-4a2e-b57e-b7dae649b7b2,"{'embedding': {'T862': (2362, 4289, 2137, 4286, 4287, 4288), 'T191': (2437, 4019, 4018, 2436, 2435), 'T120': (2648, 2570, 2647, 2646, 2645, 3913), 'T1156': (2766, 2767, 4349, 4346, 4347, 4348), 'T646': (2213, 2212, 4229, 4228, 4227), 'T1002': (2782, 4304, 4301, 4303, 4302), 'T435': (4407, 2660, 3928, 3927, 2317, 2316, 2315), 'T702': (2541, 2348, 4093, 2347, 2346, 4092), 'T1078': (4108, 2378, 4107, 2376, 2377), 'T1509': (2288, 4169, 4168, 4167, 2287, 2286), 'T1530': (2693, 4002, 4003, 4004, 2690, 2692, 2691), 'T620': (2842, 4274, 4271, 4272, 4273), 'T1252': (2707, 4257, 4258, 4259), 'T1244': (2543, 4378, 2512, 2510, 2511), 'T1594': (4136, 2197, 2196, 4062, 2706, 4064, 4063), 'T812': (2737, 4319, 4318, 4316, 4317), 'T1077': (2272, 2271, 4154, 4153, 4152), 'T1376': (2240, 2241, 2242, 4424, 4423, 2198, 4422), 'T396': (3943, 3942, 2422, 2421, 2420), 'T430': (2483, 3974, 3973, 2482, 2481, 2480), 'T408': (2407, 4199, 2406, 2301, 4197, 4198), 'T217': (2677, 4364, 4361, 4362, 2676, 4363), 'T729': (2255, 4439, 2256, 4438, 4437, 2257), 'T197': (2571, 2573, 2572, 4182, 4184, 4183), 'T1279': (2584, 2585, 2587, 2586), 'T156': (3957, 2528, 3958, 2525, 2527, 2526), 'T1631': (2723, 4033, 4034, 2721, 2722), 'T441': (2602, 2599, 2600, 2601), 'T1535': (4331, 4332, 2752, 4333, 4334), 'T420': (2661, 2708, 2662, 4392, 4393, 4394), 'T344': (2555, 4049, 2558, 2557, 2556), 'T1202': (2629, 2630, 4453, 2632, 2631), 'T842': (4124, 2227, 2226, 4123, 4122, 4121), 'T776': (2614, 4468, 2617, 2616, 2615), 'T251': (3989, 3987, 3988, 2452, 2451, 2450), 'T1089': (2498, 2496, 2497, 4409, 4408), 'T719': (4079, 4077, 2467, 2466, 4078), 'T1001': (2393, 2331, 2392, 2391, 4138, 4137), 'T1028': (4212, 4214, 2542, 4213), 'T746': (2302, 4242, 4244, 4243)}, 'chain_break_method': 'majority_vote', 'embedding_parameters': {}, 'chain_strength': 0.0010613160447691659}",[]
40,40,"[596, 424, 64, 874, 1407, 672, 80, 504, 669, 1233, 24, 967, 409, 687, 98, 1528, 1550, 763, 872, 1224, 351, 159, 1199, 1020, 1370, 1099, 497, 693, 654, 1614, 57, 1403, 704, 319, 722, 1213, 1410, 956, 1151, 954]","[1020, 1233, 24, 672, 954, 967]",6,"[70137.0, 107516.0, 54792.0, 55536.0, 344992.0, 104037.0]","[1.0, 1.0, 1.0, 1.0, 1.0, 1.0]",0.0249054344038077,234,9.914064884185793,9.887219314185792,8.077399969100952,"{'qpu_sampling_time': 11088.0, 'qpu_anneal_time_per_sample': 20.0, 'qpu_readout_time_per_sample': 70.34, 'qpu_access_time': 26845.57, 'qpu_access_overhead_time': 2537.43, 'qpu_programming_time': 15757.57, 'qpu_delay_time_per_sample': 20.54, 'total_post_processing_time': 265.0, 'post_processing_overhead_time': 265.0}",44329bfa-acf6-467e-a5d2-ea6686da7546,"{'embedding': {'T424': (3158, 3159, 2161, 3161, 3160), 'T596': (3430, 1605, 1606, 3429, 3428, 3413, 1607), 'T64': (1652, 3354, 2070, 2071, 3355, 3356), 'T874': (3385, 3383, 1875, 1876, 3384), 'T1407': (2131, 3206, 3205, 3203, 3204), 'T672': (2012, 2011, 2010, 3040, 3038, 3039), 'T80': (1682, 3085, 1681, 3084, 3083, 1680), 'T504': (3100, 1848, 3099, 1847, 1845, 1846), 'T669': (3340, 1710, 3339, 1713, 1712, 1711), 'T1233': (3609, 1800, 1803, 1802, 3024, 1801), 'T24': (3488, 1920, 3489, 1921, 3490, 1922), 'T967': (2041, 3188, 2040, 3189, 3190), 'T409': (1938, 3414, 1935, 1936, 1937), 'T687': (1981, 2221, 3251, 3248, 3249, 3250), 'T98': (1965, 1966, 3519, 3520, 1967, 1877, 1968), 'T1528': (3218, 3221, 3220, 3219), 'T1550': (1727, 3280, 1725, 1726, 3279), 'T763': (3639, 1770, 1771, 1773, 1772), 'T872': (2025, 2027, 2026, 3474, 1638, 3475, 3473, 2028), 'T1224': (3055, 3054, 1591, 1590, 3308, 3053), 'T351': (3535, 3534, 1665, 1666, 1667, 1668), 'T159': (1622, 3131, 3130, 1621, 3128, 3129), 'T1199': (3113, 3114, 1996, 3116, 3115), 'T1020': (3324, 2995, 2994, 1743, 1740, 1741, 1742), 'T1370': (3101, 3295, 3368, 1982, 3369, 2086, 3370, 2085), 'T1099': (1788, 1785, 1786, 3504, 1787), 'T497': (3459, 1860, 3505, 1861, 1862), 'T693': (3143, 3146, 1651, 3144, 3145), 'T654': (3236, 3233, 3235, 3234), 'T1614': (1696, 1695, 3070, 3069, 3068), 'T57': (1608, 3548, 3460, 3549, 1890, 1891, 1892), 'T1403': (3217, 3232, 1576, 3173, 3176, 3174, 3175), 'T704': (1818, 1816, 1815, 3444, 1817), 'T319': (2978, 1952, 2979, 2980, 1950, 1951), 'T722': (1546, 3266, 2056, 3263, 3264, 3265), 'T1213': (1905, 3564, 1907, 3325, 1906), 'T1410': (3563, 3009, 3008, 1758, 1757, 1755, 1756), 'T956': (1983, 3625, 3624, 1833, 1830, 1831, 1832), 'T1151': (1635, 3400, 3278, 3399, 3398, 1636, 1637), 'T954': (2145, 2146, 3311, 1997, 3309, 3310)}, 'chain_break_method': 'majority_vote', 'embedding_parameters': {}, 'chain_strength': 0.0010862987261786043}","[{'type': <class 'dwave.system.warnings.ChainLengthWarning'>, 'message': 'Chain length greater than 7', 'level': 30, 'data': {'target_variables': (2025, 2027, 2026, 3474, 1638, 3475, 3473, 2028), 'source_variables': ['T872']}}, {'type': <class 'dwave.system.warnings.ChainLengthWarning'>, 'message': 'Chain length greater than 7', 'level': 30, 'data': {'target_variables': (3101, 3295, 3368, 1982, 3369, 2086, 3370, 2085), 'source_variables': ['T1370']}}]"
41,41,"[1015, 306, 409, 799, 36, 424, 1244, 1585, 1482, 685, 63, 781, 1179, 1149, 1608, 983, 89, 1622, 814, 630, 713, 1107, 1245, 580, 916, 1278, 716, 163, 1546, 745, 140, 560, 479, 285, 469, 588, 1262, 638, 1485, 1604]","[1149, 1179, 916, 983]",4,"[103676.0, 104466.0, 59408.0, 110340.0]","[0.6, 0.5625, 0.5, 0.6923076923076923]",0.0141368740341635,208,9.663954019546509,9.635260049546508,7.751423835754394,"{'qpu_sampling_time': 12936.0, 'qpu_anneal_time_per_sample': 20.0, 'qpu_readout_time_per_sample': 88.82, 'qpu_access_time': 28693.97, 'qpu_access_overhead_time': 1607.03, 'qpu_programming_time': 15757.97, 'qpu_delay_time_per_sample': 20.54, 'total_post_processing_time': 251.0, 'post_processing_overhead_time': 251.0}",be20daa6-85ef-484d-a138-4888fd2421f6,"{'embedding': {'T306': (4976, 4975, 4973, 4974), 'T1015': (4478, 1718, 1721, 1720, 1719), 'T409': (4931, 1510, 4930, 4928, 4929), 'T799': (1778, 4599, 1781, 1780, 1779), 'T36': (1841, 1840, 4704, 1839), 'T424': (1990, 1991, 4990, 4987, 4988, 4989), 'T1244': (1691, 4585, 4584, 1688, 1690, 1689), 'T1585': (4718, 2020, 4720, 2021, 4719), 'T1482': (4885, 1931, 4629, 1930, 4628, 1929), 'T685': (4883, 4795, 1705, 4794, 1704), 'T63': (4943, 4946, 2006, 4944, 4945), 'T781': (1854, 5049, 1855, 1856), 'T1179': (4658, 4659, 1900, 1899), 'T1149': (1584, 1585, 4913, 4914, 2065, 4915), 'T1608': (1960, 4898, 2050, 4899, 4810, 4900), 'T983': (1959, 4750, 4749, 4748, 1495, 1525, 4837), 'T89': (4839, 4838, 1661, 1659, 1660), 'T1622': (1763, 1764, 1766, 1765), 'T814': (4852, 2080, 4855, 4854, 4853), 'T630': (4539, 1809, 1811, 1810), 'T713': (5064, 1827, 1824, 1825, 1826), 'T1107': (4703, 5018, 5019, 1614, 1615, 1616), 'T1245': (4672, 4673, 4674, 1915, 1914), 'T580': (1868, 1869, 5109, 1870, 1871, 5110), 'T916': (4822, 4824, 1631, 1630, 4823), 'T1278': (1481, 1480, 2005, 4765, 4764, 1509, 4763), 'T716': (5065, 1946, 1945, 4809, 4807, 4808), 'T163': (1748, 1749, 1751, 1750), 'T1546': (1812, 5124, 5094, 1794, 1795, 1796), 'T745': (1883, 1884, 5079, 1886, 1885), 'T140': (1601, 1600, 4644, 1599, 4643), 'T560': (4958, 4961, 4959, 4960), 'T479': (4690, 1555, 1554, 4689, 1629, 4688), 'T285': (4870, 1540, 4869, 4868), 'T469': (1676, 1675, 1674, 4615, 4613, 4614), 'T588': (1644, 1645, 1646, 5034, 5033), 'T1262': (4778, 1975, 1976, 4780, 4840, 4779), 'T638': (1539, 2036, 2035, 4733, 4735, 4734), 'T1485': (5002, 2126, 5005, 5003, 5004), 'T1604': (1733, 1736, 4884, 1734, 1735)}, 'chain_break_method': 'majority_vote', 'embedding_parameters': {}, 'chain_strength': 0.001008008204236238}","[{'type': <class 'dwave.system.warnings.ChainBreakWarning'>, 'message': 'Lowest-energy samples contain a broken chain', 'level': 40, 'data': {'target_variables': (1960, 4898, 2050, 4899, 4810, 4900), 'source_variables': ['T1608'], 'sample_index': 0}}]"
42,42,"[992, 226, 1495, 1085, 1220, 1487, 622, 910, 1353, 95, 1378, 143, 601, 631, 163, 1399, 538, 1043, 605, 528, 1300, 824, 382, 1568, 1626, 920, 899, 397, 229, 1481, 1083, 86, 1592, 1104, 708, 660, 657, 737, 147, 1494]","[1083, 1104, 1487, 910]",4,"[105842.0, 102116.0, 328969.0, 58343.0]","[0.6666666666666666, 0.7333333333333333, 0.88, 0.6666666666666666]",0.0163971538149193,223,11.653834104537964,11.626769734537964,9.812442541122437,"{'qpu_sampling_time': 11306.0, 'qpu_anneal_time_per_sample': 20.0, 'qpu_readout_time_per_sample': 72.52, 'qpu_access_time': 27064.37, 'qpu_access_overhead_time': 85206.63, 'qpu_programming_time': 15758.37, 'qpu_delay_time_per_sample': 20.54, 'total_post_processing_time': 399.0, 'post_processing_overhead_time': 399.0}",a79b837a-95cf-456e-a0ab-9e79d4d12d95,"{'embedding': {'T226': (1832, 1755, 1756, 3292, 3293, 3294), 'T992': (1546, 1545, 3039, 3038, 3037), 'T1495': (2993, 1578, 1577, 1575, 1576), 'T1085': (1803, 3579, 3578, 1635, 1638, 1637, 1636), 'T1220': (1936, 3052, 3053, 3054, 1935), 'T1487': (1860, 1861, 3412, 3413, 3414, 1862), 'T622': (1547, 1620, 3443, 1622, 1621), 'T910': (3503, 1710, 1711, 1712, 3504, 1772), 'T1353': (3562, 1725, 1726, 3563, 3444, 1727), 'T95': (1965, 1966, 3175, 3172, 3173, 3174), 'T1378': (3547, 3548, 1665, 1668, 1666, 1667), 'T143': (1995, 1950, 3067, 3068, 3069, 3070), 'T601': (1845, 3382, 3383, 3384, 1846, 1847), 'T631': (3308, 1800, 1801, 3309, 1802), 'T163': (3249, 3100, 1831, 3097, 3098, 3099), 'T1399': (3488, 1530, 1531, 3489, 1532), 'T538': (1593, 1590, 1591, 1592), 'T1043': (1608, 1605, 1606, 3458, 1607), 'T605': (1485, 1486, 1488, 3338, 1487), 'T528': (1951, 3190, 3187, 3188, 3189), 'T1300': (2025, 2026, 3262, 3263, 3265, 3264), 'T824': (3593, 1653, 3592, 1650, 1651, 1652), 'T382': (1455, 1921, 3232, 3233, 1456, 3234), 'T1568': (3205, 1996, 3158, 3159, 3160), 'T1626': (1771, 1770, 3127, 3130, 3128, 3129), 'T920': (3518, 3519, 1815, 1816, 1817, 1818), 'T899': (1682, 3248, 1680, 3339, 1681), 'T397': (3277, 1742, 1740, 3278, 3279, 1741), 'T229': (1891, 1890, 3202, 3203, 3204), 'T1481': (1410, 3219, 3218, 3217, 1411, 3157), 'T1083': (1787, 3354, 1500, 3353, 1502, 1501), 'T86': (1905, 1906, 3367, 3368, 3369), 'T1592': (3474, 1563, 1560, 1561, 3473, 1562), 'T1104': (3145, 3144, 3143, 1515, 1517, 1516), 'T708': (3115, 3114, 1441, 3112, 3113), 'T660': (2040, 3082, 3083, 1920, 3085, 3084), 'T657': (3247, 2978, 1470, 1473, 1472, 1471), 'T737': (1695, 3533, 3534, 1696, 1697), 'T147': (1785, 3323, 3325, 1786, 3324), 'T1494': (3397, 3398, 3399, 1875, 1876, 1877)}, 'chain_break_method': 'majority_vote', 'embedding_parameters': {}, 'chain_strength': 0.0010197542201747}",[]
43,43,"[743, 724, 1399, 1632, 824, 17, 33, 889, 1598, 41, 333, 426, 1581, 714, 1620, 144, 642, 1404, 561, 396, 1219, 833, 593, 970, 741, 949, 1195, 571, 1263, 340, 1454, 355, 466, 930, 124, 1438, 1284, 301, 815, 287]","[1404, 1454, 1620, 1632]",4,"[69997.0, 647816.0, 61905.0, 728997.0]","[0.6153846153846154, 1.0, 0.75, 1.0]",0.0200336780787232,205,11.998474836349487,11.968456866349488,10.088181734085085,"{'qpu_sampling_time': 14260.0, 'qpu_anneal_time_per_sample': 20.0, 'qpu_readout_time_per_sample': 102.06, 'qpu_access_time': 30017.97, 'qpu_access_overhead_time': 737.03, 'qpu_programming_time': 15757.97, 'qpu_delay_time_per_sample': 20.54, 'total_post_processing_time': 2018.0, 'post_processing_overhead_time': 2018.0}",38aa3565-5751-4802-a264-dcfa78047433,"{'embedding': {'T724': (1903, 5182, 5183, 5184, 1901, 1902), 'T743': (5317, 5318, 2008, 5320, 5319), 'T1399': (5199, 5197, 1692, 5198), 'T1632': (5122, 1451, 1454, 1453, 1452), 'T824': (1752, 5394, 5392, 1753, 5393), 'T17': (1828, 5257, 5258, 5260, 5259), 'T33': (1482, 1483, 5557, 1484), 'T889': (5469, 1604, 5467, 5468, 1602, 1603), 'T1598': (4987, 1586, 1589, 1588, 1587), 'T41': (1466, 5107, 1469, 1468, 1467), 'T333': (1662, 5422, 5423, 1664, 1663), 'T426': (1332, 5332, 5335, 5334, 5333), 'T1581': (5407, 5408, 5409, 1782, 1783), 'T714': (5287, 5290, 5289, 5288), 'T1620': (1421, 1424, 1423, 1422), 'T144': (1871, 5527, 5528, 5529, 1873, 1872), 'T642': (5108, 1496, 5077, 1499, 1497, 1498), 'T1404': (5137, 5138, 5139, 5140, 1933, 1932), 'T561': (1813, 5152, 5244, 5153, 5154, 1812), 'T396': (1947, 5212, 1917, 5214, 5213), 'T1219': (5230, 1377, 5227, 5229, 5228), 'T833': (5482, 5483, 1617, 1619, 1618), 'T593': (1887, 5452, 5453, 5454, 5470, 1888), 'T970': (1544, 1543, 1542, 1541, 5017), 'T741': (1556, 1557, 5512, 5513, 1558), 'T949': (5211, 1392, 5275, 5272, 5274, 5273), 'T1195': (1736, 1737, 5542, 5543, 1738), 'T571': (5349, 1707, 5347, 5348), 'T1263': (5302, 5305, 5304, 5303), 'T340': (5484, 1798, 1797, 5167, 5168, 5169), 'T1454': (1842, 1843, 5377, 5378, 5379), 'T355': (1632, 1633, 5572, 5573, 1634), 'T466': (1767, 5440, 1768, 5437, 5438, 5439), 'T930': (1481, 5047, 1526, 1529, 1528, 1527), 'T124': (1559, 1677, 5587, 5588, 1679, 1678), 'T1438': (1722, 5362, 5364, 5363), 'T1284': (1439, 1436, 1438, 1437), 'T301': (5002, 1571, 1574, 1573, 1572), 'T815': (5663, 1514, 5242, 1513, 1511, 1512), 'T287': (5497, 5498, 1647, 1648, 1649)}, 'chain_break_method': 'majority_vote', 'embedding_parameters': {}, 'chain_strength': 0.0010291794237252462}","[{'type': <class 'dwave.system.warnings.ChainStrengthWarning'>, 'message': 'Some quadratic biases are stronger than the given chain strength', 'level': 30, 'data': {'source_interactions': [('T1454', 'T1632')]}}]"
44,44,"[1049, 1081, 144, 352, 1587, 889, 938, 1409, 1252, 175, 163, 1091, 111, 1484, 1514, 1397, 1586, 1624, 875, 899, 159, 1336, 439, 818, 112, 301, 524, 242, 1367, 1564, 387, 394, 1042, 5, 1274, 322, 846, 995, 448, 1045]","[111, 1274, 1586, 175, 875]",5,"[54984.0, 60488.0, 601580.0, 73102.0, 56640.0]","[0.7727272727272727, 0.75, 1.0, 0.75, 0.7]",0.0248443108746557,221,11.79032564163208,11.76014807163208,9.96191692352295,"{'qpu_sampling_time': 14420.0, 'qpu_anneal_time_per_sample': 20.0, 'qpu_readout_time_per_sample': 103.66, 'qpu_access_time': 30177.57, 'qpu_access_overhead_time': 691.43, 'qpu_programming_time': 15757.57, 'qpu_delay_time_per_sample': 20.54, 'total_post_processing_time': 287.0, 'post_processing_overhead_time': 287.0}",337e4507-7e5f-4c51-88d8-98dbc413aa26,"{'embedding': {'T1081': (5540, 5538, 959, 5539), 'T1049': (1214, 5343, 5344, 5345, 1213), 'T144': (689, 5493, 5496, 5494, 1003, 5495), 'T352': (5208, 794, 793, 5223, 791, 792), 'T1587': (5163, 5164, 884, 883, 882), 'T889': (1019, 5373, 5375, 5374, 1018), 'T938': (5463, 1109, 5464, 5466, 5465), 'T1409': (704, 703, 5360, 5359, 5358), 'T1252': (5268, 914, 5270, 5269, 913), 'T175': (5406, 1154, 5403, 5404, 5405, 1153), 'T163': (5150, 5149, 764, 763, 5119, 762), 'T1091': (912, 869, 5134, 868, 867), 'T111': (5255, 747, 5254, 5253, 749, 748), 'T1484': (5194, 851, 5193, 852, 854, 853), 'T1514': (1199, 1198, 5388, 5389, 5390), 'T1397': (974, 973, 972, 5088, 5089, 971), 'T1586': (1259, 5601, 5597, 5600, 1304, 5598, 5599), 'T1624': (5418, 5419, 1108, 1139, 1138, 5420), 'T875': (1002, 5238, 1169, 1168, 5239, 1167, 5240), 'T899': (5643, 1077, 5644, 5645, 1078, 1079), 'T159': (5104, 5210, 929, 928, 5209, 927), 'T1336': (5508, 5509, 5511, 5510), 'T439': (1049, 5525, 5523, 5524), 'T818': (5073, 1032, 1094, 1093, 1092, 5074, 957, 5135), 'T112': (824, 821, 822, 823), 'T301': (599, 1048, 5478, 5479, 5481, 5480), 'T524': (1274, 674, 5586, 5583, 5585, 5584), 'T242': (5120, 989, 986, 988, 5224, 5315, 987), 'T1367': (942, 5299, 5300, 944, 943), 'T1564': (1229, 5570, 5567, 5568, 5569), 'T387': (719, 718, 717, 5179, 5178), 'T394': (1228, 1183, 5433, 5436, 5434, 5435), 'T1042': (5180, 5659, 1062, 1063, 1064, 5660), 'T5': (836, 839, 838, 837), 'T1274': (896, 897, 899, 5314, 898), 'T322': (5719, 806, 807, 808, 5718, 809), 'T846': (777, 5285, 5284, 779, 778), 'T995': (5328, 1034, 1033, 1017, 5329, 5330), 'T448': (1123, 5448, 5451, 1124, 5449, 5450), 'T1045': (5555, 734, 5553, 1004, 5554)}, 'chain_break_method': 'majority_vote', 'embedding_parameters': {}, 'chain_strength': 0.0010787620946409438}","[{'type': <class 'dwave.system.warnings.ChainLengthWarning'>, 'message': 'Chain length greater than 7', 'level': 30, 'data': {'target_variables': (5073, 1032, 1094, 1093, 1092, 5074, 957, 5135), 'source_variables': ['T818']}}]"
45,45,"[485, 612, 517, 975, 414, 648, 1213, 366, 948, 491, 925, 1231, 1426, 451, 35, 1030, 209, 1279, 174, 882, 1329, 1606, 976, 1089, 910, 222, 1246, 307, 1146, 1157, 473, 361, 1472, 1647, 647, 279, 1375, 1266, 1340, 248]","[1157, 1231, 1472, 222, 248, 975, 976]",7,"[102730.0, 130785.0, 67116.0, 55643.0, 54924.0, 114227.0, 135522.0]","[0.8, 1.0, 1.0, 0.8095238095238095, 1.0, 1.0, 1.0]",0.0331518189916885,202,8.999364376068115,8.970250806068115,4.965321779251099,"{'qpu_sampling_time': 13356.0, 'qpu_anneal_time_per_sample': 20.0, 'qpu_readout_time_per_sample': 93.02, 'qpu_access_time': 29113.57, 'qpu_access_overhead_time': 709.43, 'qpu_programming_time': 15757.57, 'qpu_delay_time_per_sample': 20.54, 'total_post_processing_time': 271.0, 'post_processing_overhead_time': 271.0}",1b4c5b96-f168-47ba-b1bd-f1c4c5139470,"{'embedding': {'T612': (764, 5476, 5477, 5478, 5479), 'T485': (779, 5583, 5581, 5582), 'T517': (554, 5253, 552, 5252, 553), 'T975': (5088, 5087, 569, 568, 567), 'T414': (5193, 629, 5192, 628, 627), 'T648': (5658, 5117, 476, 477, 5657, 479, 478), 'T1213': (5494, 5493, 268, 5491, 854, 5492), 'T366': (5643, 5642, 509, 5237, 507, 508), 'T948': (5538, 5535, 5536, 5537), 'T491': (749, 5312, 748, 5313), 'T925': (763, 5343, 5342, 5341, 419, 418), 'T1231': (209, 5565, 5568, 464, 5567, 5566), 'T1426': (5598, 389, 5597, 5596), 'T451': (5628, 701, 704, 703, 702), 'T35': (5613, 659, 658, 656, 657), 'T1030': (793, 794, 868, 5386, 5387, 5388), 'T209': (434, 433, 432, 5282, 5283), 'T1279': (344, 343, 5461, 5463, 5462), 'T174': (734, 733, 5267, 5268), 'T882': (689, 611, 5177, 687, 5178, 688), 'T1329': (5223, 671, 672, 674, 673), 'T1606': (5163, 5162, 539, 538, 537), 'T976': (299, 298, 5418, 5417, 5416), 'T1089': (644, 643, 641, 642), 'T910': (5430, 5433, 5431, 463, 5432), 'T222': (5448, 5445, 5447, 283, 5446), 'T1246': (5133, 5132, 524, 523, 522), 'T307': (5298, 5297, 404, 403), 'T1146': (614, 613, 5208, 5207, 612), 'T1157': (239, 5550, 5553, 5552, 5551), 'T473': (388, 5358, 5357, 374, 373, 5356), 'T361': (716, 5238, 719, 718, 717), 'T1472': (5612, 494, 5148, 493, 492, 5147), 'T1647': (5509, 329, 5506, 5508, 5507), 'T647': (5371, 809, 808, 5372, 5373), 'T279': (5222, 584, 5118, 582, 583), 'T1375': (5102, 5103, 599, 597, 598), 'T1266': (5403, 5402, 5401, 449, 448), 'T1340': (5328, 5327, 358, 359, 5326), 'T248': (5523, 5520, 5521, 5522)}, 'chain_break_method': 'majority_vote', 'embedding_parameters': {}, 'chain_strength': 0.0011209708357954582}","[{'type': <class 'dwave.system.warnings.ChainBreakWarning'>, 'message': 'Lowest-energy samples contain a broken chain', 'level': 40, 'data': {'target_variables': (209, 5565, 5568, 464, 5567, 5566), 'source_variables': ['T1231'], 'sample_index': 0}}, {'type': <class 'dwave.system.warnings.ChainBreakWarning'>, 'message': 'Lowest-energy samples contain a broken chain', 'level': 40, 'data': {'target_variables': (239, 5550, 5553, 5552, 5551), 'source_variables': ['T1157'], 'sample_index': 0}}]"
46,46,"[320, 758, 557, 740, 496, 81, 619, 727, 887, 1017, 1329, 387, 675, 1620, 600, 1578, 571, 662, 77, 618, 1326, 134, 1177, 647, 962, 1436, 1573, 1106, 455, 792, 1252, 683, 514, 694, 1253, 191, 1232, 503, 1352, 434]","[1017, 1232, 1578, 1620, 191]",5,"[71854.0, 111052.0, 138469.0, 61905.0, 87494.0]","[1.0, 1.0, 1.0, 0.75, 0.8]",0.0211144162247798,232,9.524752140045166,9.495949370045166,7.681606531143188,"{'qpu_sampling_time': 13044.0, 'qpu_anneal_time_per_sample': 20.0, 'qpu_readout_time_per_sample': 89.9, 'qpu_access_time': 28802.77, 'qpu_access_overhead_time': 1808.23, 'qpu_programming_time': 15758.77, 'qpu_delay_time_per_sample': 20.54, 'total_post_processing_time': 2097.0, 'post_processing_overhead_time': 2097.0}",75a46f7b-5a91-4770-bab2-25ba14ed886a,"{'embedding': {'T758': (3138, 586, 3227, 3230, 3229, 3228), 'T320': (3455, 3213, 3454, 855, 857, 856), 'T557': (1200, 1276, 3139, 3140, 3141), 'T740': (3291, 825, 3290, 3289, 826), 'T496': (3123, 3125, 3124, 1095, 1096, 1098, 1097), 'T81': (765, 3380, 766, 3379, 3378, 3288, 767), 'T619': (1261, 721, 1262, 3096, 3093, 3094, 3095), 'T727': (3186, 737, 736, 3183, 3185, 3184), 'T887': (3424, 3589, 945, 946, 947, 3364, 948), 'T1017': (3574, 1125, 1126, 963, 3575, 1128, 1127), 'T1329': (2960, 1080, 1081, 1083, 1082), 'T387': (631, 3246, 3245, 3243, 3244), 'T675': (3619, 3620, 3545, 1143, 1140, 1141, 1142), 'T1620': (962, 960, 961, 3215, 3214), 'T600': (3516, 3544, 990, 991, 3515, 992), 'T1578': (840, 841, 3501, 3500, 3499, 842), 'T571': (1231, 3171, 3170, 3168, 901, 3169), 'T662': (3560, 3559, 1005, 1006, 1007), 'T77': (1110, 3365, 1113, 1111, 1112), 'T618': (2990, 1050, 1052, 3065, 1051), 'T1326': (1008, 3020, 3665, 1068, 1065, 1066, 1067), 'T134': (782, 1185, 1186, 1187, 812, 3484, 3485, 3486), 'T1177': (795, 796, 3336, 3333, 3335, 3334), 'T647': (811, 810, 3080, 3079), 'T962': (1171, 1170, 3033, 3034, 3035), 'T1436': (915, 3410, 918, 916, 3409, 917), 'T1573': (780, 3321, 3320, 3319, 781), 'T1106': (3258, 3050, 706, 705, 3049, 3048), 'T455': (750, 3351, 751, 752, 3350, 3349), 'T792': (3260, 1217, 3259, 1216, 3261), 'T1252': (1155, 1156, 3425, 1157), 'T683': (3231, 3111, 3108, 975, 3109, 1306, 3110), 'T514': (3276, 3273, 3275, 870, 871, 3274), 'T694': (3605, 1023, 1020, 1021, 1022), 'T1253': (1277, 976, 3306, 3303, 3304, 3305), 'T191': (3198, 1201, 3199, 3200), 'T1232': (692, 3156, 3155, 691, 3153, 3154), 'T503': (3531, 3530, 3019, 930, 933, 932, 931), 'T1352': (872, 885, 3395, 886, 887, 3394), 'T434': (2975, 1035, 3470, 1037, 1036)}, 'chain_break_method': 'majority_vote', 'embedding_parameters': {}, 'chain_strength': 0.0010553350866496084}","[{'type': <class 'dwave.system.warnings.ChainLengthWarning'>, 'message': 'Chain length greater than 7', 'level': 30, 'data': {'target_variables': (782, 1185, 1186, 1187, 812, 3484, 3485, 3486), 'source_variables': ['T134']}}, {'type': <class 'dwave.system.warnings.ChainBreakWarning'>, 'message': 'Lowest-energy samples contain a broken chain', 'level': 40, 'data': {'target_variables': (1200, 1276, 3139, 3140, 3141), 'source_variables': ['T557'], 'sample_index': 0}}]"
47,47,"[410, 467, 993, 1650, 185, 1397, 1579, 666, 651, 1610, 1607, 443, 768, 1215, 1199, 143, 407, 1322, 1394, 296, 1484, 1243, 1591, 1076, 155, 1293, 783, 824, 641, 1662, 898, 1629, 1486, 1011, 315, 769, 492, 117, 31, 1554]","[1011, 1293, 1607, 1629, 1650, 1662, 296]",7,"[70258.0, 78058.0, 591670.0, 860832.0, 64387.0, 168640.0, 56380.0]","[1.0, 0.8571428571428571, 1.0, 1.0, 1.0, 1.0, 1.0]",0.0313917984138803,209,9.15633249282837,9.127947722828369,6.86008095741272,"{'qpu_sampling_time': 12626.0, 'qpu_anneal_time_per_sample': 20.0, 'qpu_readout_time_per_sample': 85.72, 'qpu_access_time': 28384.77, 'qpu_access_overhead_time': 2551.23, 'qpu_programming_time': 15758.77, 'qpu_delay_time_per_sample': 20.54, 'total_post_processing_time': 669.0, 'post_processing_overhead_time': 669.0}",75d8aabc-32ce-4d29-92c4-7c14f657625e,"{'embedding': {'T467': (2426, 2427, 5459, 2428, 5457, 5458), 'T410': (2787, 2788, 5381, 5382, 5383, 5384), 'T993': (5456, 2248, 2247, 5294, 5292, 5293), 'T1650': (2321, 5414, 2322, 5413, 2323, 5412), 'T185': (2501, 5624, 5623, 2504, 2502, 2503), 'T1397': (5399, 2352, 2353, 5398, 5397), 'T1579': (5276, 5279, 2758, 5277, 5278), 'T666': (2202, 2203, 5339, 5338, 5337), 'T651': (5488, 5563, 2532, 2533, 2534), 'T1610': (2669, 5114, 2668, 2667, 2666), 'T1607': (5038, 5037, 2441, 2443, 2561, 2442), 'T443': (2232, 5261, 2292, 5264, 5263, 5262), 'T768': (5189, 5473, 5474, 2698, 2696, 2697), 'T1215': (5142, 2338, 5188, 5187, 2337), 'T1199': (5249, 5248, 2593, 2591, 2592), 'T143': (5369, 5368, 5366, 5367), 'T407': (2471, 2472, 5444, 5443, 2473), 'T1322': (5533, 2621, 2623, 2622), 'T1394': (5593, 2562, 2563, 2564), 'T296': (2489, 5069, 5068, 4978, 2488, 2487, 2486), 'T1484': (2411, 2413, 5324, 2412, 5323), 'T1243': (5504, 5503, 2456, 2457, 2458), 'T1591': (2727, 5143, 2683, 2682, 5144), 'T1076': (5307, 2728, 5308, 2712, 2713, 5309), 'T155': (2605, 2606, 2609, 2608, 2607), 'T1293': (2398, 5159, 5158, 2397), 'T783': (5174, 2368, 2367, 5173, 5172), 'T824': (4993, 2519, 2516, 2518, 2517), 'T641': (2262, 5234, 5233, 5232), 'T1662': (2308, 5084, 5083, 2307, 2306, 5082), 'T898': (2786, 5099, 5098, 2277, 2276, 5097), 'T1629': (5429, 5428, 5322, 2293, 5427), 'T1486': (5548, 2636, 2638, 2637), 'T1011': (2773, 2772, 5216, 5217, 5219, 5218), 'T315': (5201, 5203, 5202, 2743, 2742, 5204), 'T769': (2384, 2383, 5129, 2382, 5128), 'T492': (5489, 2651, 2654, 2652, 2653), 'T117': (5354, 5351, 5352, 5353), 'T31': (2576, 5608, 2579, 2577, 2578), 'T1554': (5008, 2546, 5113, 2549, 2548, 2547)}, 'chain_break_method': 'majority_vote', 'embedding_parameters': {}, 'chain_strength': 0.0011318819597797617}",[]
48,48,"[601, 591, 186, 719, 936, 1449, 1100, 59, 1128, 168, 996, 1381, 903, 1103, 1209, 1097, 655, 1093, 1314, 1536, 942, 1207, 1148, 148, 351, 1051, 1654, 1218, 485, 1279, 1528, 1371, 1644, 1238, 633, 480, 8, 980, 144, 198]","[1238, 1449, 1654, 168, 186, 936, 980]",7,"[105329.0, 55867.0, 692692.0, 73960.0, 78369.0, 69336.0, 117780.0]","[1.0, 1.0, 1.0, 0.75, 0.8, 1.0, 1.0]",0.0368300484467025,204,13.914040327072144,13.885756357072143,12.05173683166504,"{'qpu_sampling_time': 12526.0, 'qpu_anneal_time_per_sample': 20.0, 'qpu_readout_time_per_sample': 84.72, 'qpu_access_time': 28283.97, 'qpu_access_overhead_time': 2027.03, 'qpu_programming_time': 15757.97, 'qpu_delay_time_per_sample': 20.54, 'total_post_processing_time': 1365.0, 'post_processing_overhead_time': 1365.0}",ab63c89c-2a71-43eb-847d-13206863910e,"{'embedding': {'T591': (687, 4593, 684, 685, 686), 'T601': (702, 701, 699, 700), 'T186': (521, 4803, 4802, 520), 'T719': (714, 4653, 819, 821, 820), 'T936': (5045, 5042, 5043, 5044), 'T1449': (1061, 5060, 5059, 5057, 5058), 'T1100': (490, 4969, 491, 4967, 4968), 'T59': (582, 669, 4759, 581, 580, 4758), 'T1128': (5238, 762, 761, 759, 760), 'T168': (5134, 609, 5133, 610, 611), 'T996': (5104, 505, 5103, 506, 5102), 'T1381': (957, 4907, 956, 4908, 4909), 'T903': (4982, 4984, 866, 4983), 'T1103': (4667, 4668, 806, 804, 805), 'T1209': (5179, 5177, 5178, 745, 746, 747), 'T1097': (5164, 942, 4892, 4893, 4894, 941), 'T655': (5074, 5073, 5072, 460, 461), 'T1093': (4683, 791, 790, 789), 'T1314': (4832, 4833, 836, 834, 835), 'T1536': (715, 4937, 926, 4939, 4938), 'T942': (5011, 4970, 1031, 5012, 5014, 5013), 'T1207': (895, 4955, 4952, 896, 4953, 4954), 'T1148': (4940, 1045, 1046, 5087, 5088, 5089, 5090), 'T148': (597, 596, 4789, 4788, 595), 'T351': (654, 5149, 5148, 655, 656), 'T1051': (537, 522, 5163, 5162, 625, 626), 'T1654': (881, 880, 4772, 4774, 4773, 624), 'T1218': (4848, 671, 670, 4847), 'T485': (774, 775, 5223, 777, 776), 'T1279': (552, 4713, 4712, 551, 550), 'T1528': (4743, 729, 732, 731, 730), 'T1371': (716, 4997, 4999, 4998), 'T1644': (971, 970, 4877, 4878, 4879), 'T1238': (536, 535, 4728, 4727, 474, 4787), 'T633': (912, 4922, 4923, 911, 865, 4924), 'T480': (4698, 641, 640, 639), 'T8': (4817, 4818, 852, 851, 850), 'T980': (4862, 986, 4863, 4864, 985), 'T144': (5029, 5028, 5026, 566, 5027), 'T198': (1016, 5120, 927, 5117, 5118, 5119)}, 'chain_break_method': 'majority_vote', 'embedding_parameters': {}, 'chain_strength': 0.0011331888201329904}","[{'type': <class 'dwave.system.warnings.ChainBreakWarning'>, 'message': 'Lowest-energy samples contain a broken chain', 'level': 40, 'data': {'target_variables': (490, 4969, 491, 4967, 4968), 'source_variables': ['T1100'], 'sample_index': 0}}, {'type': <class 'dwave.system.warnings.ChainBreakWarning'>, 'message': 'Lowest-energy samples contain a broken chain', 'level': 40, 'data': {'target_variables': (5104, 505, 5103, 506, 5102), 'source_variables': ['T996'], 'sample_index': 0}}, {'type': <class 'dwave.system.warnings.ChainBreakWarning'>, 'message': 'Lowest-energy samples contain a broken chain', 'level': 40, 'data': {'target_variables': (4940, 1045, 1046, 5087, 5088, 5089, 5090), 'source_variables': ['T1148'], 'sample_index': 0}}]"
49,49,"[1416, 532, 1653, 1592, 679, 810, 68, 1113, 421, 1050, 1133, 1249, 789, 439, 925, 544, 1032, 1277, 1371, 227, 1376, 757, 1511, 1491, 865, 631, 219, 1378, 442, 140, 762, 117, 635, 144, 876, 138, 277, 403, 490, 380]","[1133, 1277, 1653, 277]",4,"[103439.0, 60660.0, 64234.0, 56233.0]","[0.6875, 1.0, 1.0, 1.0]",0.0147601145593435,214,11.439208507537842,11.411712137537842,9.15781569480896,"{'qpu_sampling_time': 11738.0, 'qpu_anneal_time_per_sample': 20.0, 'qpu_readout_time_per_sample': 76.84, 'qpu_access_time': 27496.37, 'qpu_access_overhead_time': 2401.63, 'qpu_programming_time': 15758.37, 'qpu_delay_time_per_sample': 20.54, 'total_post_processing_time': 235.0, 'post_processing_overhead_time': 235.0}",9c05d0d8-b2cd-4b2f-a8e3-c02a2906ebd1,"{'embedding': {'T532': (1246, 3246, 3249, 3248, 3247), 'T1416': (1516, 3233, 3231, 3232), 'T1653': (3084, 1515, 3083, 1366, 3082, 1365), 'T1592': (3518, 3413, 3412, 1500, 1501, 1502), 'T679': (3351, 3396, 3098, 1262, 1261, 3097, 3096), 'T810': (3339, 3338, 3337, 1307, 1306), 'T68': (1336, 3368, 3366, 3367), 'T1113': (2992, 1638, 1637, 1636, 2993, 1635), 'T421': (3365, 1186, 3264, 3263, 3261, 3262), 'T1050': (3294, 3291, 3292, 3293), 'T1133': (1277, 3113, 3381, 3112, 3111, 1276), 'T1249': (1665, 3427, 3428, 1667, 1666), 'T789': (1320, 1321, 3354, 3353, 3352), 'T439': (1560, 1563, 1562, 1561), 'T925': (1681, 3036, 3037, 3038, 1680), 'T544': (3142, 3144, 3143, 1472, 1471), 'T1032': (1740, 1741, 3203, 3202, 1742, 3201), 'T1277': (1696, 3067, 3068, 1695), 'T1371': (3189, 3188, 1335, 3187, 1231, 3186), 'T227': (1440, 3128, 3127, 1442, 1441), 'T1376': (3608, 1530, 1531, 1532, 1533), 'T757': (3398, 3502, 1410, 1411, 3397, 1412), 'T1511': (3442, 1593, 3443, 1590, 1591, 1592), 'T1491': (3489, 1380, 1381, 1382, 3487, 3488), 'T865': (3022, 3023, 3129, 1650, 1653, 1652, 1651), 'T631': (3159, 1623, 1622, 3158, 1621), 'T219': (1485, 3592, 1488, 1486, 1487), 'T1378': (3474, 3472, 3473, 1397, 1395, 1396), 'T442': (1292, 3174, 3173, 3172, 1291), 'T140': (3321, 3322, 1771, 3324, 3323), 'T762': (1425, 3051, 1711, 1710, 3053, 3052), 'T117': (3279, 3278, 3276, 3277), 'T635': (3099, 1725, 1726, 1757, 3382, 3383), 'T144': (1608, 3503, 1605, 1606, 1607), 'T876': (1578, 1575, 1576, 1577), 'T138': (3459, 1350, 3458, 3457, 1352, 1351), 'T277': (1426, 3218, 3216, 1756, 3217), 'T403': (3534, 3533, 1545, 1547, 3562, 1546), 'T490': (3306, 1786, 3309, 3307, 3308), 'T380': (1668, 3578, 1455, 3577, 1458, 1456, 1457)}, 'chain_break_method': 'majority_vote', 'embedding_parameters': {}, 'chain_strength': 0.0010132271023475352}",[]
50,50,"[1120, 580, 853, 41, 319, 1643, 1469, 1198, 90, 687, 1156, 806, 1061, 1025, 645, 1610, 1547, 1569, 811, 145, 1290, 484, 706, 1475, 89, 122, 432, 1170, 1590, 905, 730, 988, 87, 415, 1613, 427, 458, 100, 1409, 1370]","[1156, 1170, 1198, 1469, 1613]",5,"[102039.0, 101633.0, 58485.0, 72239.0, 97029.0]","[0.7777777777777778, 0.7777777777777778, 0.7777777777777778, 0.8823529411764706, 0.9333333333333332]",0.0221906057239584,205,10.391310214996338,10.361891044996337,8.400168657302856,"{'qpu_sampling_time': 13660.0, 'qpu_anneal_time_per_sample': 20.0, 'qpu_readout_time_per_sample': 96.06, 'qpu_access_time': 29419.17, 'qpu_access_overhead_time': 1351.83, 'qpu_programming_time': 15759.17, 'qpu_delay_time_per_sample': 20.54, 'total_post_processing_time': 336.0, 'post_processing_overhead_time': 336.0}",94573f99-8965-40fe-a805-a7fcbc0fd23f,"{'embedding': {'T580': (560, 559, 558, 3466, 3467), 'T1120': (349, 3376, 348, 347), 'T853': (3391, 362, 365, 364, 363), 'T41': (3347, 499, 497, 498), 'T319': (3483, 588, 589, 3796, 3798, 3797), 'T1643': (3361, 514, 513, 512, 631, 3362), 'T1469': (3526, 739, 3468, 3527, 3528, 738), 'T1198': (3633, 3631, 618, 3632), 'T90': (527, 529, 3572, 3541, 3542, 528), 'T687': (3332, 3331, 304, 303, 302), 'T1156': (3497, 466, 469, 468, 467), 'T806': (3752, 574, 573, 3453, 3451, 3452), 'T1061': (3422, 3421, 289, 288, 287), 'T1025': (3555, 395, 392, 3556, 394, 393), 'T645': (575, 708, 3811, 709, 3812, 3813), 'T1610': (380, 377, 378, 3751, 379), 'T1547': (919, 3679, 3676, 3678, 3677), 'T1569': (543, 3646, 3648, 544, 3647), 'T811': (679, 3828, 3826, 678, 3827), 'T145': (3226, 421, 422, 424, 423), 'T1290': (334, 3406, 332, 333), 'T484': (3211, 439, 438, 436, 437), 'T706': (3585, 3588, 3586, 648, 3587), 'T1475': (454, 451, 453, 452), 'T89': (753, 754, 3781, 3782, 3783), 'T122': (274, 273, 272, 3481, 3482), 'T432': (799, 798, 3603, 3601, 3602), 'T1170': (258, 3664, 3661, 3662, 3663), 'T1590': (632, 3856, 633, 634, 3857, 619, 3858), 'T905': (604, 3436, 557, 603, 602, 3437), 'T730': (3842, 3841, 317, 318, 319), 'T988': (784, 783, 3616, 3617, 3618), 'T87': (694, 3511, 3512, 3513, 693), 'T415': (663, 3765, 3766, 3767, 664), 'T1613': (3694, 3691, 3693, 3692), 'T427': (484, 3571, 482, 483), 'T458': (723, 725, 724, 3706, 3707, 3708), 'T100': (243, 3720, 3723, 3722, 3721), 'T1409': (3604, 3735, 3736, 3737, 3738, 828), 'T1370': (3916, 410, 407, 408, 409)}, 'chain_break_method': 'majority_vote', 'embedding_parameters': {}, 'chain_strength': 0.0010521130342115602}","[{'type': <class 'dwave.system.warnings.ChainBreakWarning'>, 'message': 'Lowest-energy samples contain a broken chain', 'level': 40, 'data': {'target_variables': (3526, 739, 3468, 3527, 3528, 738), 'source_variables': ['T1469'], 'sample_index': 0}}, {'type': <class 'dwave.system.warnings.ChainBreakWarning'>, 'message': 'Lowest-energy samples contain a broken chain', 'level': 40, 'data': {'target_variables': (679, 3828, 3826, 678, 3827), 'source_variables': ['T811'], 'sample_index': 0}}, {'type': <class 'dwave.system.warnings.ChainBreakWarning'>, 'message': 'Lowest-energy samples contain a broken chain', 'level': 40, 'data': {'target_variables': (632, 3856, 633, 634, 3857, 619, 3858), 'source_variables': ['T1590'], 'sample_index': 0}}, {'type': <class 'dwave.system.warnings.ChainBreakWarning'>, 'message': 'Lowest-energy samples contain a broken chain', 'level': 40, 'data': {'target_variables': (784, 783, 3616, 3617, 3618), 'source_variables': ['T988'], 'sample_index': 0}}, {'type': <class 'dwave.system.warnings.ChainBreakWarning'>, 'message': 'Lowest-energy samples contain a broken chain', 'level': 40, 'data': {'target_variables': (3604, 3735, 3736, 3737, 3738, 828), 'source_variables': ['T1409'], 'sample_index': 0}}, {'type': <class 'UserWarning'>, 'message': 'All samples have broken chains', 'level': 30, 'data': {}}]"
51,51,"[367, 1235, 735, 876, 1399, 715, 1329, 382, 400, 396, 140, 389, 1415, 598, 272, 230, 530, 1654, 882, 145, 1509, 1341, 311, 739, 890, 1092, 475, 157, 1361, 1587, 798, 276, 811, 1124, 541, 514, 784, 1074, 425, 1465]","[1092, 1235, 1465, 1654, 272, 811]",6,"[101461.0, 115220.0, 74634.0, 692692.0, 56225.0, 55170.0]","[0.7333333333333333, 1.0, 0.9166666666666666, 1.0, 1.0, 0.7]",0.0215464247763481,207,10.684737920761108,10.656547950761109,8.79599380493164,"{'qpu_sampling_time': 12432.0, 'qpu_anneal_time_per_sample': 20.0, 'qpu_readout_time_per_sample': 83.78, 'qpu_access_time': 28189.97, 'qpu_access_overhead_time': 764.03, 'qpu_programming_time': 15757.97, 'qpu_delay_time_per_sample': 20.54, 'total_post_processing_time': 294.0, 'post_processing_overhead_time': 294.0}",15d2c4d5-21a1-46c7-98e0-b1d89cfba24d,"{'embedding': {'T1235': (2229, 2317, 2228, 2227, 4394, 4393, 4392), 'T367': (4484, 2319, 4483, 2318, 4482), 'T735': (4813, 2634, 2632, 2633), 'T876': (4692, 4693, 4694, 2679, 4259, 2677, 2678), 'T1399': (4481, 2213, 4407, 4409, 4408), 'T715': (2499, 4318, 2498, 2497), 'T1329': (2168, 2169, 4676, 4677, 2649, 4678), 'T382': (2077, 4376, 4377, 4378, 4379, 2738), 'T400': (4664, 2692, 4753, 4754, 2693, 2694), 'T396': (2467, 4739, 4738, 2468, 2469), 'T140': (2587, 2590, 2589, 2588), 'T389': (2527, 2530, 4633, 2528, 2529), 'T1415': (2484, 2483, 2482, 4334, 4333), 'T598': (4589, 2378, 4588, 2379), 'T272': (4707, 4708, 2708, 2709, 4709), 'T230': (4663, 4662, 4632, 2348, 2349), 'T530': (2739, 2138, 4544, 4543, 4542, 4541), 'T1654': (2617, 2618, 4799, 2619), 'T882': (4436, 4439, 4437, 4438), 'T145': (4332, 4649, 2407, 2408, 4647, 4648), 'T1509': (4514, 2198, 4511, 4512, 4513), 'T1341': (4873, 2557, 2560, 2559, 2558), 'T311': (4469, 4468, 4466, 2333, 4467), 'T739': (4454, 4453, 4452, 2153, 4451), 'T890': (4784, 2575, 2572, 2573, 2574), 'T1092': (4783, 4348, 2439, 2438, 4349, 2437), 'T475': (4828, 2512, 2515, 2514, 2513), 'T157': (2664, 2663, 4303, 2662), 'T1361': (4421, 4422, 4424, 4423), 'T1587': (2422, 2423, 2424, 4767, 4769, 4768), 'T798': (2304, 2302, 2303, 4559, 4558, 4557), 'T276': (2257, 2259, 4574, 4573, 4572, 2258), 'T811': (4496, 2393, 4499, 4498, 4497), 'T1124': (4619, 4618, 2272, 2273, 4617), 'T541': (2605, 2604, 2602, 2603), 'T514': (2242, 2243, 4604, 4603, 4602), 'T784': (2364, 4361, 4364, 2363, 4363, 4362), 'T1074': (2093, 2183, 4526, 4529, 4528, 4527), 'T425': (2452, 4724, 2453, 2454, 4723), 'T1465': (4888, 2545, 2542, 4798, 2543, 2544)}, 'chain_break_method': 'majority_vote', 'embedding_parameters': {}, 'chain_strength': 0.0010539114813151642}",[]
52,52,"[212, 1519, 1466, 409, 261, 1136, 87, 1162, 591, 696, 1066, 1527, 1239, 1630, 434, 1647, 1622, 649, 55, 32, 1085, 168, 1253, 1379, 6, 735, 869, 347, 1199, 1315, 349, 624, 375, 245, 1309, 102, 1516, 493, 948, 1210]","[1136, 1199, 1239, 1630, 168]",5,"[100712.0, 69753.0, 105850.0, 715030.0, 73960.0]","[0.6666666666666666, 0.5555555555555556, 1.0, 1.0, 0.75]",0.0233253704637475,207,10.253580331802368,10.224804761802368,8.40101408958435,"{'qpu_sampling_time': 13016.0, 'qpu_anneal_time_per_sample': 20.0, 'qpu_readout_time_per_sample': 89.62, 'qpu_access_time': 28775.57, 'qpu_access_overhead_time': 4956.43, 'qpu_programming_time': 15759.57, 'qpu_delay_time_per_sample': 20.54, 'total_post_processing_time': 351.0, 'post_processing_overhead_time': 351.0}",e36e3567-1e8c-482b-be4a-1f74915c3b5c,"{'embedding': {'T1519': (5413, 2548, 2546, 2547), 'T212': (5233, 2022, 5232, 5231, 5230), 'T1466': (5474, 2579, 5428, 5309, 2578, 2576, 2577), 'T409': (5111, 5112, 5114, 5113), 'T261': (2335, 2607, 2606, 2605, 4917, 4918), 'T1136': (5263, 2306, 5262, 2307), 'T87': (5201, 2261, 5353, 5352, 5351, 2262), 'T1162': (2157, 5008, 2156, 5007, 5006), 'T591': (5398, 5397, 5322, 2336, 2337, 2338), 'T696': (2037, 5144, 5143, 5141, 5142), 'T1066': (2142, 2141, 5066, 2216, 4991, 4993, 4992), 'T1527': (2171, 5218, 5217, 2172, 5216), 'T1239': (5383, 2366, 5382, 2368, 2367), 'T1630': (2126, 5248, 5247, 5246, 5276, 2127), 'T434': (5412, 2396, 5473, 2397, 2398, 2399), 'T1647': (5277, 2534, 2531, 2532, 5278, 2533), 'T1622': (5185, 5186, 2621, 5188, 5187), 'T649': (2443, 2440, 2441, 5323, 2442), 'T55': (2561, 5202, 2563, 5203, 2562), 'T32': (5458, 2518, 2515, 2516, 2517), 'T1085': (5038, 5037, 2187, 2186, 5036), 'T168': (2413, 5339, 2410, 5338, 2411, 2412), 'T1253': (5443, 2458, 2455, 2456, 2457), 'T1379': (5023, 5022, 2427, 2425, 2426), 'T6': (4947, 4949, 4948, 2383, 2381, 2382), 'T735': (4979, 4978, 2292, 2291, 4977, 2260), 'T869': (5083, 5082, 2217, 5081), 'T347': (5368, 5367, 2353, 2351, 2352), 'T1199': (5129, 5128, 5126, 5127), 'T1315': (2500, 5308, 2501, 2503, 2502), 'T349': (2096, 5098, 5097, 5095, 5096), 'T624': (2277, 4903, 4902, 2276, 2275), 'T375': (2636, 5159, 5158, 5156, 5157), 'T245': (2247, 5173, 2246, 5171, 5172), 'T1309': (2592, 2590, 2591, 5067, 5068), 'T102': (2082, 2081, 5053, 5052, 5051), 'T1516': (5293, 5294, 5291, 2321, 2322, 5292), 'T493': (2485, 2488, 2487, 2486), 'T948': (2470, 2471, 2473, 2472), 'T1210': (4964, 4963, 2202, 2201, 4962)}, 'chain_break_method': 'majority_vote', 'embedding_parameters': {}, 'chain_strength': 0.0010521320256418093}","[{'type': <class 'dwave.system.warnings.ChainBreakWarning'>, 'message': 'Lowest-energy samples contain a broken chain', 'level': 40, 'data': {'target_variables': (5474, 2579, 5428, 5309, 2578, 2576, 2577), 'source_variables': ['T1466'], 'sample_index': 0}}]"
53,53,"[1239, 1271, 1544, 1522, 1384, 1472, 65, 978, 614, 1455, 564, 1046, 910, 1130, 1615, 406, 1577, 1587, 1228, 48, 760, 1563, 195, 157, 1172, 1358, 1292, 821, 670, 922, 553, 7, 1440, 266, 82, 1591, 513, 983, 988, 561]","[1239, 1292, 1455, 1472, 7, 978, 983]",7,"[105850.0, 58163.0, 629629.0, 67116.0, 56285.0, 119431.0, 110340.0]","[1.0, 0.8571428571428571, 1.0, 1.0, 0.75, 0.9142857142857144, 0.6923076923076923]",0.0314599901233679,207,12.133259773254396,12.100943403254396,10.28510570526123,"{'qpu_sampling_time': 16560.0, 'qpu_anneal_time_per_sample': 20.0, 'qpu_readout_time_per_sample': 125.06, 'qpu_access_time': 32316.37, 'qpu_access_overhead_time': 952.63, 'qpu_programming_time': 15756.37, 'qpu_delay_time_per_sample': 20.54, 'total_post_processing_time': 371.0, 'post_processing_overhead_time': 371.0}",3437d120-7f30-4fc3-bbd9-7ed5dd55a98a,"{'embedding': {'T1271': (558, 561, 560, 3677, 559), 'T1239': (3646, 3647, 3648, 3633, 754, 755), 'T1544': (3901, 3902, 546, 544, 545), 'T1522': (605, 3616, 604, 603, 3618, 3617), 'T1384': (498, 499, 501, 500), 'T1472': (708, 3991, 3992, 3993, 709, 710), 'T65': (335, 334, 3798, 3797, 3796), 'T978': (663, 4038, 3736, 3737, 665, 664), 'T614': (3753, 3752, 350, 349, 3751), 'T1455': (4157, 516, 515, 513, 514), 'T564': (800, 3781, 3782, 3783, 799), 'T1046': (4006, 4007, 618, 619, 620), 'T910': (4156, 4126, 396, 393, 394, 395), 'T1130': (4217, 426, 423, 424, 425), 'T1615': (4068, 438, 440, 4067, 439), 'T406': (380, 379, 3708, 3707, 3706), 'T1577': (289, 950, 3826, 3827, 3829, 3828), 'T1587': (4037, 455, 453, 454), 'T1228': (3814, 3811, 3812, 770, 3813), 'T48': (4052, 4053, 741, 739, 740), 'T760': (815, 3949, 3946, 3947, 3948), 'T1563': (3961, 3962, 3964, 3963), 'T195': (3841, 3842, 920, 3844, 3843), 'T157': (3512, 528, 531, 529, 530), 'T1172': (3691, 364, 365, 3856, 3858, 3857), 'T1358': (965, 3934, 3933, 3931, 3932), 'T1292': (3632, 468, 3571, 470, 469), 'T821': (3662, 590, 589, 3663), 'T670': (4096, 4097, 633, 634, 4082, 635), 'T922': (3979, 3976, 3977, 3978), 'T553': (860, 3874, 3873, 3872, 3871), 'T7': (845, 274, 875, 3886, 3889, 3888, 3887), 'T1440': (408, 409, 4202, 410, 411, 412), 'T266': (486, 485, 483, 484), 'T82': (3723, 3721, 680, 679, 3722), 'T1591': (724, 4022, 4023, 726, 3903, 725), 'T513': (785, 3766, 3767, 3768, 784), 'T983': (3601, 3602, 3603, 650, 649, 648), 'T988': (574, 575, 3918, 3916, 3917), 'T561': (693, 695, 694, 3693, 3692)}, 'chain_break_method': 'majority_vote', 'embedding_parameters': {}, 'chain_strength': 0.0011358873384483305}","[{'type': <class 'dwave.system.warnings.ChainBreakWarning'>, 'message': 'Lowest-energy samples contain a broken chain', 'level': 40, 'data': {'target_variables': (605, 3616, 604, 603, 3618, 3617), 'source_variables': ['T1522'], 'sample_index': 0}}]"
54,54,"[907, 94, 89, 1205, 286, 1176, 1296, 1464, 85, 802, 722, 610, 911, 18, 462, 1657, 1170, 1200, 399, 514, 65, 69, 703, 330, 1219, 1452, 540, 954, 689, 542, 1323, 793, 895, 816, 204, 813, 698, 903, 557, 338]","[1170, 1296, 1452, 813, 816, 954]",6,"[101633.0, 72657.0, 618684.0, 54987.0, 57601.0, 344992.0]","[0.7777777777777778, 0.8333333333333334, 1.0, 0.6086956521739131, 0.9565217391304348, 1.0]",0.0303428976367425,227,13.862338781356812,13.830490811356812,11.662665128707886,"{'qpu_sampling_time': 16090.0, 'qpu_anneal_time_per_sample': 20.0, 'qpu_readout_time_per_sample': 120.36, 'qpu_access_time': 31847.97, 'qpu_access_overhead_time': 2190.03, 'qpu_programming_time': 15757.97, 'qpu_delay_time_per_sample': 20.54, 'total_post_processing_time': 269.0, 'post_processing_overhead_time': 269.0}",00fea1f7-4bab-46b9-aee5-e9bb446b1e80,"{'embedding': {'T94': (4471, 174, 4470, 172, 173), 'T907': (428, 190, 187, 4635, 4636, 188, 189), 'T89': (306, 309, 308, 307), 'T1205': (4697, 4695, 4696, 397, 398, 399), 'T286': (324, 322, 323), 'T1176': (352, 353, 4756, 354), 'T1296': (4548, 4547, 4545, 4546), 'T1464': (518, 4425, 4426, 563, 4428, 4427), 'T85': (698, 729, 4563, 4560, 4561, 4562), 'T802': (4517, 4665, 4666, 4667, 609, 608), 'T722': (4592, 4590, 4591, 384, 382, 383), 'T610': (4440, 4441, 474, 473, 4442, 472), 'T911': (637, 638, 4500, 4501, 4503, 4502), 'T18': (548, 4352, 128, 4351, 4350, 127), 'T462': (4398, 4395, 4396, 458, 457, 4397), 'T1657': (261, 4246, 337, 339, 338), 'T1170': (142, 143, 4743, 4742, 4741, 4740, 144), 'T1200': (97, 98, 99, 4713, 4712, 4711, 4710), 'T399': (4651, 578, 579, 580, 4725, 4726, 4727, 504), 'T514': (427, 205, 4456, 4455, 204, 203), 'T65': (4515, 4607, 442, 443, 4516), 'T69': (4755, 4260, 157, 159, 158), 'T703': (4335, 669, 668, 4336, 4337, 607, 4457), 'T330': (594, 593, 4365, 4366, 4367), 'T1219': (652, 4575, 653, 4578, 4576, 4577), 'T1452': (4650, 276, 279, 278, 277), 'T540': (4291, 264, 263, 4290, 262), 'T954': (4530, 4533, 4532, 4531), 'T689': (4380, 534, 533, 4757, 4381, 4382, 532), 'T542': (489, 4275, 4276, 487, 488), 'T1323': (549, 4620, 4621, 519, 4622), 'T793': (112, 369, 368, 4412, 4411, 4410), 'T895': (291, 292, 4606, 294, 293), 'T816': (4320, 4383, 4321, 4322, 623, 622), 'T204': (367, 4231, 220, 217, 218, 219), 'T813': (325, 4815, 4216, 235, 234, 232, 233), 'T698': (321, 4201, 246, 249, 248, 247), 'T903': (4305, 415, 4306, 412, 414, 413), 'T557': (684, 683, 4485, 4486, 4487), 'T338': (459, 129, 4637, 564, 4682, 4680, 4681)}, 'chain_break_method': 'majority_vote', 'embedding_parameters': {}, 'chain_strength': 0.0010884847623872853}","[{'type': <class 'dwave.system.warnings.ChainStrengthWarning'>, 'message': 'Some quadratic biases are stronger than the given chain strength', 'level': 30, 'data': {'source_interactions': [('T1452', 'T1657')]}}, {'type': <class 'dwave.system.warnings.ChainLengthWarning'>, 'message': 'Chain length greater than 7', 'level': 30, 'data': {'target_variables': (4651, 578, 579, 580, 4725, 4726, 4727, 504), 'source_variables': ['T399']}}, {'type': <class 'dwave.system.warnings.ChainBreakWarning'>, 'message': 'Lowest-energy samples contain a broken chain', 'level': 40, 'data': {'target_variables': (698, 729, 4563, 4560, 4561, 4562), 'source_variables': ['T85'], 'sample_index': 0}}, {'type': <class 'dwave.system.warnings.ChainBreakWarning'>, 'message': 'Lowest-energy samples contain a broken chain', 'level': 40, 'data': {'target_variables': (637, 638, 4500, 4501, 4503, 4502), 'source_variables': ['T911'], 'sample_index': 0}}, {'type': <class 'dwave.system.warnings.ChainBreakWarning'>, 'message': 'Lowest-energy samples contain a broken chain', 'level': 40, 'data': {'target_variables': (142, 143, 4743, 4742, 4741, 4740, 144), 'source_variables': ['T1170'], 'sample_index': 0}}, {'type': <class 'dwave.system.warnings.ChainBreakWarning'>, 'message': 'Lowest-energy samples contain a broken chain', 'level': 40, 'data': {'target_variables': (594, 593, 4365, 4366, 4367), 'source_variables': ['T330'], 'sample_index': 0}}, {'type': <class 'dwave.system.warnings.ChainBreakWarning'>, 'message': 'Lowest-energy samples contain a broken chain', 'level': 40, 'data': {'target_variables': (652, 4575, 653, 4578, 4576, 4577), 'source_variables': ['T1219'], 'sample_index': 0}}, {'type': <class 'dwave.system.warnings.ChainBreakWarning'>, 'message': 'Lowest-energy samples contain a broken chain', 'level': 40, 'data': {'target_variables': (684, 683, 4485, 4486, 4487), 'source_variables': ['T557'], 'sample_index': 0}}]"
55,55,"[569, 913, 834, 371, 896, 974, 1144, 1554, 1507, 1414, 1626, 1621, 238, 1377, 968, 543, 1576, 498, 1206, 1004, 582, 539, 269, 404, 527, 1556, 1549, 494, 1306, 1049, 1338, 475, 319, 732, 168, 1358, 984, 864, 171, 694]","[1144, 1338, 168, 543, 896, 968]",6,"[86130.0, 70987.0, 73960.0, 55001.0, 56093.0, 108727.0]","[0.6666666666666666, 0.8837209302325582, 0.75, 0.5625, 1.0, 1.0]",0.0276365090822487,225,11.51610827445984,11.490487504459841,9.668060302734377,"{'qpu_sampling_time': 9862.0, 'qpu_anneal_time_per_sample': 20.0, 'qpu_readout_time_per_sample': 58.08, 'qpu_access_time': 25620.77, 'qpu_access_overhead_time': 814.23, 'qpu_programming_time': 15758.77, 'qpu_delay_time_per_sample': 20.54, 'total_post_processing_time': 259.0, 'post_processing_overhead_time': 259.0}",a42974c2-faeb-4b5a-bf78-95cab6e2d70b,"{'embedding': {'T913': (2372, 2418, 3388, 3387, 2417, 3417, 2342), 'T569': (3446, 2236, 2237, 2373, 3522, 3524, 3523), 'T834': (2660, 2657, 3748, 2658, 3809, 2659), 'T371': (2431, 3718, 2432, 3839, 3838, 2434, 2433), 'T896': (3581, 3584, 3583, 3582), 'T974': (2297, 3659, 3658, 3657, 2298), 'T1144': (2312, 3689, 3688, 2313, 3687), 'T1554': (3268, 2536, 2539, 2538, 2537), 'T1507': (2506, 3808, 2509, 2508, 2507), 'T1414': (3284, 3403, 2614, 2613, 2611, 2612), 'T1626': (3538, 3539, 2554, 2552, 2553), 'T1621': (2629, 2626, 3223, 2628, 2627), 'T238': (3928, 3927, 2404, 2401, 3703, 2402, 2403), 'T1377': (2762, 2763, 3449, 3448, 3447), 'T968': (2476, 3642, 2477, 2478, 3644, 3643), 'T543': (2282, 3479, 3478, 2163, 3476, 3477), 'T1576': (3554, 2133, 3551, 3552, 3553), 'T498': (3764, 2387, 2388, 2389, 3763, 3762), 'T1206': (3359, 2267, 2193, 3358, 2192, 2266, 3357), 'T1004': (2764, 3537, 3702, 3779, 3778, 3777, 2343, 2344), 'T582': (3283, 3747, 3222, 2448, 2447, 2446), 'T539': (2584, 2581, 2582, 2583), 'T269': (3464, 2178, 3463, 3462, 3461), 'T404': (3734, 3611, 3733, 3732, 3731, 2268, 3612), 'T527': (3252, 3253, 2599, 2596, 2597, 2598), 'T1556': (2689, 3328, 2688, 3329, 2687, 2686), 'T1549': (2719, 3342, 3343, 3344, 2718, 2717), 'T494': (3673, 3674, 2674, 2672, 2673), 'T1306': (3569, 3568, 2148, 3566, 3567), 'T1049': (2704, 3493, 2702, 2703, 3494), 'T1338': (3596, 3599, 3598, 3597), 'T475': (3371, 3372, 2734, 3373, 3374, 2732, 2733), 'T319': (3614, 2462, 2464, 2463, 3613), 'T732': (2644, 2643, 2642, 2641, 3313, 3314), 'T168': (3434, 2253, 2252, 3433, 3432), 'T1358': (3238, 2491, 2494, 2493, 2492), 'T984': (2524, 2523, 3418, 3298, 2522), 'T864': (2359, 2358, 3509, 2327, 3507, 3508), 'T171': (2567, 2568, 3793, 3704, 2569), 'T694': (2748, 3629, 3626, 3627, 3628)}, 'chain_break_method': 'majority_vote', 'embedding_parameters': {}, 'chain_strength': 0.0010883118382207717}","[{'type': <class 'dwave.system.warnings.ChainLengthWarning'>, 'message': 'Chain length greater than 7', 'level': 30, 'data': {'target_variables': (2764, 3537, 3702, 3779, 3778, 3777, 2343, 2344), 'source_variables': ['T1004']}}, {'type': <class 'dwave.system.warnings.ChainBreakWarning'>, 'message': 'Lowest-energy samples contain a broken chain', 'level': 40, 'data': {'target_variables': (2312, 3689, 3688, 2313, 3687), 'source_variables': ['T1144'], 'sample_index': 0}}, {'type': <class 'dwave.system.warnings.ChainBreakWarning'>, 'message': 'Lowest-energy samples contain a broken chain', 'level': 40, 'data': {'target_variables': (2282, 3479, 3478, 2163, 3476, 3477), 'source_variables': ['T543'], 'sample_index': 0}}, {'type': <class 'dwave.system.warnings.ChainBreakWarning'>, 'message': 'Lowest-energy samples contain a broken chain', 'level': 40, 'data': {'target_variables': (3554, 2133, 3551, 3552, 3553), 'source_variables': ['T1576'], 'sample_index': 0}}, {'type': <class 'dwave.system.warnings.ChainBreakWarning'>, 'message': 'Lowest-energy samples contain a broken chain', 'level': 40, 'data': {'target_variables': (3359, 2267, 2193, 3358, 2192, 2266, 3357), 'source_variables': ['T1206'], 'sample_index': 0}}, {'type': <class 'dwave.system.warnings.ChainBreakWarning'>, 'message': 'Lowest-energy samples contain a broken chain', 'level': 40, 'data': {'target_variables': (2359, 2358, 3509, 2327, 3507, 3508), 'source_variables': ['T864'], 'sample_index': 0}}, {'type': <class 'UserWarning'>, 'message': 'All samples have broken chains', 'level': 30, 'data': {}}]"
56,56,"[1199, 759, 560, 1256, 98, 1099, 1618, 1650, 851, 490, 979, 557, 1082, 804, 1608, 1624, 295, 101, 494, 1373, 1576, 699, 65, 1, 1466, 1599, 840, 1104, 1581, 214, 1350, 1125, 988, 995, 1153, 397, 1105, 1259, 1390, 960]","[1082, 1099, 1153, 1618, 1650, 979]",6,"[91247.0, 104558.0, 96128.0, 158287.0, 64387.0, 102229.0]","[0.65, 0.6666666666666666, 0.7777777777777778, 1.0, 1.0, 1.0]",0.0354417311673782,206,13.520246505737305,13.490828535737304,8.342415571212769,"{'qpu_sampling_time': 13660.0, 'qpu_anneal_time_per_sample': 20.0, 'qpu_readout_time_per_sample': 96.06, 'qpu_access_time': 29417.97, 'qpu_access_overhead_time': 1887.03, 'qpu_programming_time': 15757.97, 'qpu_delay_time_per_sample': 20.54, 'total_post_processing_time': 2021.0, 'post_processing_overhead_time': 2021.0}",de53995f-f9f2-4971-b394-7512ad99870b,"{'embedding': {'T759': (5179, 538, 537, 5178, 5177), 'T1199': (5133, 899, 5134, 897, 898), 'T560': (5539, 5538, 749, 747, 748), 'T1256': (732, 733, 5372, 5374, 5373), 'T98': (553, 5267, 5270, 5269, 1108, 5268), 'T1099': (5044, 866, 867, 869, 868), 'T1618': (703, 5209, 5208, 702), 'T1650': (5614, 881, 884, 882, 883), 'T851': (5237, 5239, 658, 657, 5238), 'T490': (672, 5569, 5568, 779, 673, 5448), 'T979': (5389, 5388, 598, 5387), 'T557': (5449, 821, 822, 823), 'T1082': (806, 5524, 807, 5523, 808), 'T804': (5225, 5224, 688, 687, 5223), 'T1608': (763, 764, 5120, 5119, 762), 'T1624': (1093, 5420, 5417, 5419, 5418), 'T295': (643, 5194, 642, 5193, 5192), 'T101': (5075, 5074, 5073, 583, 582, 5207, 5072), 'T494': (5464, 5554, 942, 5465, 943, 944), 'T1373': (957, 5584, 959, 958), 'T1576': (5090, 5089, 778, 777, 5088), 'T699': (613, 612, 5150, 5149, 611, 5148), 'T65': (5298, 5299, 5300, 1048, 1047), 'T1': (5118, 716, 5434, 717, 718, 5433), 'T1466': (5312, 5315, 5314, 5313), 'T1599': (5222, 627, 5283, 5285, 5284), 'T840': (1001, 1003, 1002, 5253, 5255, 5254), 'T1104': (1033, 5342, 5344, 5343), 'T1581': (5014, 4969, 911, 912, 914, 913), 'T214': (5447, 5164, 523, 5163, 522, 5162, 5252), 'T1350': (1016, 1017, 1018, 5478, 5479, 5480), 'T1125': (5327, 5328, 5330, 5329), 'T988': (5013, 836, 839, 838, 837), 'T995': (854, 851, 852, 853), 'T1153': (5509, 5510, 986, 987, 988), 'T397': (628, 1078, 5405, 5402, 5403, 5404), 'T1105': (5599, 927, 5598, 928, 929), 'T1259': (5629, 974, 971, 972, 973), 'T1390': (1063, 5360, 5359, 5357, 5358), 'T960': (5105, 5104, 793, 5494, 791, 792)}, 'chain_break_method': 'majority_vote', 'embedding_parameters': {}, 'chain_strength': 0.0011261021374755417}","[{'type': <class 'dwave.system.warnings.ChainBreakWarning'>, 'message': 'Lowest-energy samples contain a broken chain', 'level': 40, 'data': {'target_variables': (5014, 4969, 911, 912, 914, 913), 'source_variables': ['T1581'], 'sample_index': 0}}]"
57,57,"[1173, 12, 1208, 290, 1203, 841, 1142, 737, 80, 288, 1146, 1635, 397, 600, 91, 993, 1328, 1017, 814, 455, 854, 482, 61, 449, 379, 137, 561, 1277, 686, 134, 1191, 672, 555, 1610, 1433, 1343, 887, 842, 1049, 168]","[1017, 1146, 1191, 1277, 1343, 168, 672]",7,"[71854.0, 104676.0, 105916.0, 60660.0, 71904.0, 73960.0, 55536.0]","[1.0, 0.7647058823529411, 0.7368421052631579, 1.0, 0.6862745098039216, 0.75, 1.0]",0.0271297194220572,217,13.310579776763916,13.277419806763916,11.338690519332886,"{'qpu_sampling_time': 17402.0, 'qpu_anneal_time_per_sample': 20.0, 'qpu_readout_time_per_sample': 133.48, 'qpu_access_time': 33159.97, 'qpu_access_overhead_time': 1129.03, 'qpu_programming_time': 15757.97, 'qpu_delay_time_per_sample': 20.54, 'total_post_processing_time': 393.0, 'post_processing_overhead_time': 393.0}",0d4ae0be-6388-4113-bf27-fc9576d6c1c2,"{'embedding': {'T12': (3704, 2598, 3778, 2601, 2600, 2599), 'T1173': (2346, 4031, 4034, 2240, 4033, 4032), 'T1208': (2720, 4153, 4154, 2722, 2721), 'T290': (4001, 4004, 4003, 2406, 2405, 4002), 'T1203': (2331, 2330, 3882, 3884, 3883), 'T841': (3732, 2554, 3733, 2646, 2645, 2644), 'T1142': (2180, 4124, 4123, 4122, 4121, 2181), 'T737': (4184, 2285, 4152, 4183, 4182, 2286), 'T80': (4214, 2676, 3718, 3719, 2674, 2675), 'T288': (4408, 2467, 3703, 2466, 2464, 2465), 'T1146': (4244, 2705, 4228, 4229, 2706, 2707), 'T1635': (4049, 2390, 2391, 4048), 'T397': (4273, 3868, 2542, 2539, 2541, 2540), 'T600': (3793, 2481, 2480, 2479), 'T91': (2449, 4197, 4199, 4198, 2450, 2451), 'T993': (3747, 2661, 3748, 2659, 2660), 'T1328': (3869, 3838, 2557, 2556, 2555), 'T1017': (4094, 4093, 4092, 2135, 2136, 4091), 'T814': (2750, 3944, 3943, 3941, 3942), 'T455': (3914, 3913, 3912, 2314, 2316, 2315), 'T854': (2765, 4109, 4106, 4108, 4107), 'T482': (4166, 4167, 2735, 2736, 4169, 4168), 'T61': (2586, 2585, 3808, 2583, 2584), 'T449': (2375, 4079, 4078, 2376), 'T379': (3762, 2572, 2571, 3763, 2570, 2569), 'T137': (2225, 2211, 4064, 4063, 4062), 'T561': (3658, 3777, 4243, 2436, 2433, 2434, 2435), 'T1277': (3853, 2616, 3854, 2614, 2615), 'T686': (2301, 2300, 3987, 3989, 3988), 'T134': (2497, 2496, 2494, 2495), 'T1191': (3926, 2255, 3824, 3823, 3822, 2254), 'T672': (2196, 3899, 3898, 3897, 3911, 2195), 'T555': (3956, 3957, 3959, 3958), 'T1610': (4016, 2780, 4019, 4017, 4018), 'T1433': (4213, 4318, 2527, 2524, 2525, 2526), 'T1343': (2270, 4047, 2361, 4137, 4139, 4138), 'T887': (3974, 2360, 3973, 3971, 3972), 'T842': (2508, 2509, 2511, 2510), 'T1049': (3794, 2512, 4288, 2631, 2630, 2629, 3839), 'T168': (3927, 2691, 3928, 3929, 2690)}, 'chain_break_method': 'majority_vote', 'embedding_parameters': {}, 'chain_strength': 0.0010796416859303996}","[{'type': <class 'dwave.system.warnings.ChainBreakWarning'>, 'message': 'Lowest-energy samples contain a broken chain', 'level': 40, 'data': {'target_variables': (3926, 2255, 3824, 3823, 3822, 2254), 'source_variables': ['T1191'], 'sample_index': 0}}]"
58,58,"[725, 269, 1612, 1050, 1084, 177, 178, 811, 568, 1555, 1096, 369, 724, 543, 50, 558, 1587, 972, 1192, 1009, 305, 1641, 1376, 740, 873, 1580, 663, 1477, 548, 1438, 1498, 1275, 1413, 348, 256, 1451, 366, 1086, 1382, 945]","[1096, 1451, 1641, 177, 178, 50, 811]",7,"[105370.0, 629884.0, 638317.0, 76261.0, 78861.0, 59629.0, 55170.0]","[0.6, 1.0, 1.0, 0.8, 0.6, 0.7037037037037037, 0.7]",0.0326438057710135,209,15.554219007492064,15.523781437492064,13.173221349716188,"{'qpu_sampling_time': 14680.0, 'qpu_anneal_time_per_sample': 20.0, 'qpu_readout_time_per_sample': 106.26, 'qpu_access_time': 30437.57, 'qpu_access_overhead_time': 860.43, 'qpu_programming_time': 15757.57, 'qpu_delay_time_per_sample': 20.54, 'total_post_processing_time': 1546.0, 'post_processing_overhead_time': 1546.0}",fa5a71bc-e824-44c6-b379-3cdd9aff6254,"{'embedding': {'T269': (5091, 1063, 1062, 1061, 1064, 5090), 'T725': (5359, 5272, 5271, 5270, 1003, 1002), 'T1612': (1049, 914, 5526, 973, 5525, 5524), 'T1050': (5449, 5452, 5451, 5450), 'T1084': (1334, 1333, 5255, 5256, 1332), 'T177': (5631, 1211, 1214, 1212, 1213), 'T178': (5137, 1349, 5061, 1346, 5196, 1348, 1347), 'T811': (5465, 1242, 5466, 1244, 1243), 'T568': (1364, 1362, 1363, 5540, 5541), 'T1555': (1528, 5392, 5389, 5390, 5391), 'T1096': (1319, 5360, 5361, 1318), 'T369': (5616, 1184, 1181, 1182, 1183), 'T724': (972, 5315, 1438, 5317, 5316), 'T543': (1331, 5180, 1409, 5181, 1407, 1408), 'T50': (5647, 5570, 5571, 1392, 1393, 1394), 'T558': (1196, 1154, 5151, 1153, 1152, 1151), 'T1587': (5287, 1124, 1123, 5285, 5286), 'T972': (1092, 1093, 5556, 5555, 1094), 'T1192': (1317, 1019, 5227, 1018, 1017, 5225, 5226), 'T1009': (987, 988, 5512, 5511, 5510), 'T305': (5527, 1469, 1468, 5330, 5331, 5332), 'T1641': (5374, 1513, 5375, 5376, 5377), 'T1376': (1199, 5587, 5586, 5585, 5584, 943, 944), 'T740': (5136, 1139, 1138, 1137), 'T873': (5419, 5422, 5421, 1048, 5420), 'T1580': (5434, 5435, 5436, 5437), 'T663': (1122, 1169, 5195, 1167, 1168), 'T1477': (1226, 1227, 1229, 1228), 'T548': (5121, 1274, 1272, 1273), 'T1438': (5480, 1423, 5482, 5481), 'T1498': (5600, 5602, 5601, 1452, 1453, 1454), 'T1275': (1079, 1078, 5166, 1077, 5165), 'T1413': (5075, 1289, 1288, 1287, 5076), 'T348': (5661, 4971, 1256, 1257, 1259, 1258), 'T256': (5406, 5405, 1109, 1107, 1108), 'T1451': (5495, 5497, 5496, 1197, 1198), 'T366': (884, 883, 5344, 5345, 5347, 5346), 'T1086': (5240, 1304, 1303, 5241, 1302), 'T1382': (5302, 959, 5301, 5300, 958), 'T945': (1379, 1378, 1377, 5210, 5211)}, 'chain_break_method': 'majority_vote', 'embedding_parameters': {}, 'chain_strength': 0.0011340243346446468}","[{'type': <class 'dwave.system.warnings.ChainStrengthWarning'>, 'message': 'Some quadratic biases are stronger than the given chain strength', 'level': 30, 'data': {'source_interactions': [('T1451', 'T1641')]}}]"
59,59,"[196, 1625, 827, 944, 1517, 1174, 787, 893, 1355, 1494, 331, 907, 479, 1508, 1187, 1088, 709, 17, 140, 360, 1207, 818, 24, 685, 92, 995, 1656, 1010, 871, 445, 287, 58, 123, 671, 1289, 924, 193, 1371, 751, 844]","[1088, 1625, 193, 24]",4,"[109576.0, 562651.0, 69501.0, 54792.0]","[0.7058823529411765, 0.8461538461538461, 0.8, 1.0]",0.0207468808704271,222,16.200827598571777,16.175046028571778,14.327898263931274,"{'qpu_sampling_time': 10024.0, 'qpu_anneal_time_per_sample': 20.0, 'qpu_readout_time_per_sample': 59.7, 'qpu_access_time': 25781.57, 'qpu_access_overhead_time': 2109.43, 'qpu_programming_time': 15757.57, 'qpu_delay_time_per_sample': 20.54, 'total_post_processing_time': 357.0, 'post_processing_overhead_time': 357.0}",f0005fd6-eff3-4489-b342-d65bf1fe585c,"{'embedding': {'T1625': (3839, 3838, 2507, 2508, 2509), 'T196': (3388, 2644, 2641, 3434, 2643, 2642), 'T827': (2763, 3641, 2298, 3644, 3642, 3643), 'T944': (3929, 3928, 2495, 3868, 2492, 2493, 2494), 'T1517': (3419, 2717, 2718, 2719, 3854, 2720), 'T1174': (2656, 2659, 3418, 2658, 2657), 'T787': (2522, 3539, 2524, 3538, 2523), 'T893': (3537, 3494, 2194, 2193, 3492, 3493), 'T1355': (2716, 2434, 3254, 3253, 2433, 2432, 2431), 'T1494': (2284, 2283, 2282, 2357, 3359, 3358, 3357), 'T331': (3599, 3596, 3597, 3598), 'T907': (2702, 3793, 3794, 2704, 2703), 'T479': (3656, 3657, 3658, 2777, 2778, 3659), 'T1508': (3223, 2581, 2582, 2584, 2583), 'T1187': (2596, 3403, 2599, 2598, 2597), 'T1088': (2448, 2447, 3464, 3462, 3463), 'T709': (2314, 2313, 2312, 3374, 3372, 3373), 'T17': (3776, 2538, 3777, 2539, 3779, 3778), 'T140': (2238, 3746, 3749, 2553, 2554, 3747, 3748), 'T360': (3761, 3764, 2568, 3762, 2569, 3763), 'T1207': (2252, 3554, 3553, 2148, 3551, 3552), 'T818': (2570, 2686, 2687, 3869, 2689, 2688), 'T24': (3611, 3612, 2748, 3614, 3613), 'T685': (3343, 3344, 2674, 2673, 2672), 'T92': (3809, 2388, 2389, 3807, 3808), 'T995': (2253, 3731, 3732, 3734, 3733), 'T1656': (2404, 3314, 2403, 2402, 3432, 3433, 2552), 'T1010': (3792, 3719, 2373, 3718, 2374), 'T871': (3626, 2223, 3689, 3688, 3687), 'T445': (3824, 3823, 2477, 2478, 3853, 2479), 'T287': (3674, 2328, 3673, 3672), 'T58': (3584, 3581, 3582, 3583), 'T123': (3479, 3478, 3477, 2268, 2267, 3566), 'T671': (2462, 2463, 3627, 3629, 3628), 'T1289': (2359, 2358, 3569, 3568, 3567), 'T924': (3402, 2417, 3702, 3704, 2418, 3703), 'T193': (3449, 2626, 2629, 2628, 2627), 'T1371': (3299, 2614, 2613, 2612, 2611), 'T751': (2209, 2208, 2222, 3509, 3508, 2297, 3507), 'T844': (3524, 3523, 2344, 2343, 3522)}, 'chain_break_method': 'majority_vote', 'embedding_parameters': {}, 'chain_strength': 0.0010386269923580464}",[]
60,60,"[33, 1623, 1477, 1099, 216, 93, 1200, 552, 648, 590, 1552, 7, 328, 235, 477, 402, 731, 1576, 503, 95, 383, 990, 1534, 789, 1592, 1398, 391, 968, 873, 224, 724, 285, 186, 1644, 8, 1555, 467, 48, 1001, 981]","[186, 402, 7, 968, 981]",5,"[78369.0, 57113.0, 56285.0, 108727.0, 107459.0]","[0.8, 1.0, 0.75, 1.0, 0.7142857142857143]",0.0207371818593187,216,12.270543336868286,12.239860566868286,10.118178606033323,"{'qpu_sampling_time': 14924.0, 'qpu_anneal_time_per_sample': 20.0, 'qpu_readout_time_per_sample': 108.7, 'qpu_access_time': 30682.77, 'qpu_access_overhead_time': 1211.23, 'qpu_programming_time': 15758.77, 'qpu_delay_time_per_sample': 20.54, 'total_post_processing_time': 386.0, 'post_processing_overhead_time': 386.0}",4cebebd1-f2ac-4ad8-9203-e6608f5e6d57,"{'embedding': {'T1623': (1228, 5153, 5152, 5151, 1227), 'T33': (5168, 1258, 1257, 5167, 5166), 'T1477': (1678, 5271, 1616, 1617, 5272, 5273), 'T1099': (5211, 1707, 5213, 1647, 5212), 'T216': (4988, 4987, 4986, 1286, 1289, 1288, 1287), 'T93': (1241, 1454, 5061, 1346, 5497, 1348, 1347), 'T1200': (5331, 5332, 5333, 1692, 5334), 'T552': (5541, 1378, 1377, 1375, 1376), 'T648': (1573, 5018, 1572, 1571, 5016, 5017), 'T590': (1558, 5391, 5392, 1452, 1453), 'T1552': (1345, 4972, 1423, 1421, 1422), 'T7': (5348, 5347, 1331, 1332, 5346), 'T328': (1273, 5093, 5092, 5091, 1272), 'T235': (5345, 5258, 1182, 5256, 5257), 'T477': (1618, 5318, 5317, 5316, 1152, 5210), 'T402': (5304, 5303, 5301, 1752, 5302), 'T731': (5046, 1557, 5047, 5048, 1556), 'T1576': (1601, 1603, 5137, 5138, 1602), 'T503': (5124, 5165, 5123, 5122, 5121, 1138, 1137), 'T95': (1360, 1361, 1362, 5526, 1363), 'T383': (1586, 1587, 1588, 5482, 5483), 'T990': (5436, 5437, 1526, 1528, 1527), 'T1534': (5195, 1242, 5198, 5197, 5196), 'T789': (5451, 5452, 1541, 1542, 1543, 5453), 'T1592': (1391, 5556, 1392, 1393, 1394), 'T1398': (5407, 1498, 1497, 5031, 5032, 1496), 'T391': (1661, 5421, 5422, 1662, 1663, 5423), 'T968': (1649, 5286, 1648, 5288, 5287), 'T873': (1316, 1317, 5406, 1319, 1318), 'T224': (4927, 1304, 1301, 1302, 1303), 'T724': (5183, 5182, 5136, 1123, 5181, 5180, 1122), 'T285': (1481, 5376, 5377, 1482, 1483), 'T186': (5228, 1213, 5227, 5226, 1212), 'T1644': (4956, 4957, 1466, 1469, 1468, 1467), 'T8': (1167, 5363, 5362, 5361, 5360), 'T1555': (5512, 1439, 1438, 5062, 1436, 1437), 'T467': (5001, 1408, 1407, 1406), 'T48': (5241, 1511, 1513, 1512, 5242), 'T1001': (1631, 5107, 1633, 1632, 5108), 'T981': (1256, 5078, 5077, 5076, 1197, 1196)}, 'chain_break_method': 'majority_vote', 'embedding_parameters': {}, 'chain_strength': 0.0010565955324243414}","[{'type': <class 'dwave.system.warnings.ChainBreakWarning'>, 'message': 'Lowest-energy samples contain a broken chain', 'level': 40, 'data': {'target_variables': (5211, 1707, 5213, 1647, 5212), 'source_variables': ['T1099'], 'sample_index': 0}}]"
61,61,"[1454, 629, 1563, 1066, 1268, 1120, 237, 1023, 402, 1574, 34, 1100, 1212, 292, 1151, 927, 172, 1307, 440, 1517, 1407, 1013, 375, 1166, 576, 1414, 62, 268, 1385, 1184, 1346, 813, 289, 356, 1309, 1015, 614, 254, 816, 1251]","[1013, 1151, 1166, 1184, 1454, 172, 402, 816]",8,"[63487.0, 102597.0, 103341.0, 100840.0, 647816.0, 69185.0, 57113.0, 57601.0]","[0.8181818181818182, 0.7619047619047619, 0.6875, 0.6666666666666666, 1.0, 0.75, 1.0, 0.9565217391304348]",0.040897984105896,228,10.78085207939148,10.74776050939148,7.021113872528076,"{'qpu_sampling_time': 17334.0, 'qpu_anneal_time_per_sample': 20.0, 'qpu_readout_time_per_sample': 132.8, 'qpu_access_time': 33091.57, 'qpu_access_overhead_time': 2284.43, 'qpu_programming_time': 15757.57, 'qpu_delay_time_per_sample': 20.54, 'total_post_processing_time': 2008.0, 'post_processing_overhead_time': 2008.0}",38b0ee74-0864-49f9-8562-eb7d112faeb2,"{'embedding': {'T629': (2168, 2167, 4319, 4318, 4316, 4317), 'T1454': (4287, 4286, 2828, 2827, 4289, 4288), 'T1563': (2362, 4259, 2227, 2226, 4258, 4257), 'T1066': (4589, 2618, 2617, 2615, 2616), 'T1268': (2797, 4304, 4301, 4302, 4303), 'T1120': (2301, 2302, 4514, 2303, 2363, 4513, 4512), 'T237': (4364, 4363, 2526, 2527, 2528), 'T1023': (2767, 4331, 2287, 4334, 4333, 4332), 'T402': (3958, 2633, 3957, 4648, 2632, 2390, 2630, 2631), 'T1574': (2660, 2663, 4093, 2662, 2661), 'T34': (4184, 4183, 2212, 4182, 4181), 'T1100': (4139, 4137, 2468, 2466, 4138, 2467), 'T1212': (4123, 2571, 2572, 2573), 'T292': (2600, 2603, 2602, 2601), 'T1151': (4347, 4348, 2752, 2738, 2737, 4349), 'T927': (4273, 2648, 2645, 2646, 2647), 'T172': (2331, 4197, 4198, 2783, 4199, 2782, 2781), 'T1307': (2213, 4409, 4408, 2332, 4407), 'T440': (4004, 2453, 2452, 2451, 2450, 4003), 'T1517': (4154, 4153, 2438, 2435, 2437, 2436), 'T1407': (2316, 2317, 4379, 4377, 2753, 4378), 'T1013': (2723, 4228, 2722, 4229), 'T375': (2690, 4079, 2693, 2692, 2691), 'T1166': (4064, 2423, 2422, 2421, 2420, 4063, 2405), 'T576': (2377, 2378, 4394, 4392, 4393), 'T1414': (2241, 2242, 4422, 4484, 4483, 4482, 2318), 'T62': (2256, 2257, 4439, 4438, 4437), 'T268': (2482, 2483, 4529, 4526, 4527, 2481, 4528), 'T1385': (4109, 2706, 4214, 2708, 2707), 'T1184': (2678, 2677, 4034, 2675, 2676), 'T1346': (2588, 2585, 2586, 2587), 'T813': (2348, 2347, 2197, 4242, 4244, 4243), 'T289': (2465, 4048, 4049, 2558, 2557, 2556), 'T356': (2498, 2495, 4169, 2497, 4168, 2496), 'T1309': (2406, 4362, 4424, 4423, 2407), 'T1015': (4019, 4017, 2391, 4497, 2393, 4018, 2392), 'T614': (2543, 4078, 2542, 4033, 4108, 2541), 'T254': (2183, 4469, 4466, 2182, 4467, 4468), 'T816': (2271, 2272, 4451, 2333, 4454, 4453, 4452), 'T1251': (2511, 4499, 4498, 4588, 2512, 2513)}, 'chain_break_method': 'majority_vote', 'embedding_parameters': {}, 'chain_strength': 0.0011421370509599475}","[{'type': <class 'dwave.system.warnings.ChainLengthWarning'>, 'message': 'Chain length greater than 7', 'level': 30, 'data': {'target_variables': (3958, 2633, 3957, 4648, 2632, 2390, 2630, 2631), 'source_variables': ['T402']}}, {'type': <class 'dwave.system.warnings.ChainBreakWarning'>, 'message': 'Lowest-energy samples contain a broken chain', 'level': 40, 'data': {'target_variables': (4287, 4286, 2828, 2827, 4289, 4288), 'source_variables': ['T1454'], 'sample_index': 0}}]"
62,62,"[1003, 448, 40, 211, 764, 718, 656, 1410, 255, 343, 410, 237, 694, 345, 421, 654, 4, 991, 1121, 794, 51, 1562, 94, 709, 1082, 937, 1088, 1635, 466, 1079, 609, 1137, 248, 420, 1118, 1009, 364, 1132, 601, 618]","[1079, 1088, 1121, 248, 364]",5,"[99670.0, 109576.0, 101922.0, 54924.0, 56776.0]","[0.7222222222222222, 0.7058823529411765, 0.6470588235294118, 1.0, 1.0]",0.0205352013313135,228,10.397108554840088,10.367070984840089,8.473404169082642,"{'qpu_sampling_time': 14278.0, 'qpu_anneal_time_per_sample': 20.0, 'qpu_readout_time_per_sample': 102.24, 'qpu_access_time': 30037.57, 'qpu_access_overhead_time': 641.43, 'qpu_programming_time': 15759.57, 'qpu_delay_time_per_sample': 20.54, 'total_post_processing_time': 277.0, 'post_processing_overhead_time': 277.0}",5ca89a2a-8f17-493c-8ac9-03bb351f6850,"{'embedding': {'T448': (5169, 5168, 1604, 1603, 1602), 'T1003': (5470, 5467, 1484, 5468, 5469), 'T40': (1828, 5500, 1829, 5498, 5499), 'T211': (5662, 5664, 5663, 5333, 1574, 1572, 1573), 'T764': (5259, 1544, 5258, 1541, 1543, 1542), 'T718': (5423, 4974, 1661, 1664, 1662, 1663), 'T656': (5574, 5572, 5573, 1423, 1424), 'T1410': (5410, 5409, 5407, 5408, 1558), 'T255': (1616, 5665, 5078, 1889, 1888, 1887, 1886, 5079), 'T343': (1724, 1721, 1723, 5334, 1722), 'T410': (5274, 1512, 5632, 1393, 1392, 5273, 1394, 5272), 'T237': (5440, 1513, 5437, 5439, 5438), 'T694': (5197, 5198, 1949, 1948, 1947, 5199), 'T345': (5288, 1679, 1678, 5290, 5289), 'T421': (2009, 5455, 5452, 5453, 5454), 'T654': (5349, 5348, 1619, 1617, 1618), 'T4': (1348, 1439, 5512, 5515, 5513, 5514), 'T991': (5634, 1784, 1781, 1782, 1783), 'T1121': (5633, 1694, 5109, 1691, 1693, 1692), 'T794': (5184, 5049, 1796, 1799, 1797, 1798), 'T51': (1528, 5379, 5376, 5378, 5377), 'T1562': (1587, 1588, 1589, 5618, 5619), 'T94': (5153, 1859, 1858, 5154, 5155, 1857), 'T709': (5110, 1842, 5588, 5589, 1843, 1844), 'T1082': (1378, 1377, 5364, 5363, 5362, 1483, 5257), 'T937': (5391, 1438, 5394, 5393, 5392), 'T1088': (1468, 1903, 1469, 5542, 5544, 5543), 'T1635': (5182, 5183, 1754, 1753, 1751, 1752), 'T466': (5527, 1647, 5529, 5528, 1648, 1649), 'T1079': (5482, 5485, 5483, 5484), 'T609': (1766, 1767, 1769, 1768), 'T1137': (1453, 1454, 5605, 5604, 5603, 5602), 'T248': (1586, 1634, 5094, 1633, 1632, 5093), 'T420': (5587, 1499, 5304, 1498, 5303, 1556, 1557), 'T1118': (5320, 1409, 1408, 5317, 1527, 5319, 5318), 'T1009': (5212, 1932, 1933, 5213, 1934, 5214), 'T364': (5649, 1709, 1706, 1707, 1708), 'T1132': (5138, 1814, 1813, 5139, 1812), 'T601': (1874, 5228, 1871, 5229, 1873, 1872), 'T618': (1739, 5124, 5244, 1736, 1738, 1737)}, 'chain_break_method': 'majority_vote', 'embedding_parameters': {}, 'chain_strength': 0.0010337641272778711}","[{'type': <class 'dwave.system.warnings.ChainLengthWarning'>, 'message': 'Chain length greater than 7', 'level': 30, 'data': {'target_variables': (1616, 5665, 5078, 1889, 1888, 1887, 1886, 5079), 'source_variables': ['T255']}}, {'type': <class 'dwave.system.warnings.ChainLengthWarning'>, 'message': 'Chain length greater than 7', 'level': 30, 'data': {'target_variables': (5274, 1512, 5632, 1393, 1392, 5273, 1394, 5272), 'source_variables': ['T410']}}]"
63,63,"[593, 1490, 648, 575, 1350, 1022, 311, 895, 1250, 390, 896, 677, 1255, 1225, 443, 1227, 32, 577, 1624, 1551, 1043, 1013, 1504, 1359, 201, 1475, 7, 1385, 1386, 919, 1218, 978, 1403, 1620, 222, 1082, 778, 1179, 1365, 46]","[1013, 1022, 1225, 1620, 222, 7, 896, 978]",8,"[63487.0, 74888.0, 184483.0, 61905.0, 55643.0, 56285.0, 56093.0, 119431.0]","[0.8181818181818182, 1.0, 1.0, 0.75, 0.8095238095238095, 0.75, 1.0, 0.9142857142857144]",0.034334173681903,212,9.401578903198242,9.373314933198243,7.53239107131958,"{'qpu_sampling_time': 12506.0, 'qpu_anneal_time_per_sample': 20.0, 'qpu_readout_time_per_sample': 84.52, 'qpu_access_time': 28263.97, 'qpu_access_overhead_time': 1365.03, 'qpu_programming_time': 15757.97, 'qpu_delay_time_per_sample': 20.54, 'total_post_processing_time': 321.0, 'post_processing_overhead_time': 321.0}",1aa90dc2-2a15-466e-a0ec-abe58eb4b8df,"{'embedding': {'T1490': (1397, 1396, 3184, 3186, 3185), 'T593': (3308, 3304, 3307, 3305, 3306), 'T648': (919, 918, 917, 916), 'T575': (3739, 993, 990, 991, 992), 'T1350': (3199, 3200, 3201, 1382, 1381), 'T1022': (3277, 1457, 3334, 3335, 3336, 3337), 'T311': (3381, 1186, 3379, 3380), 'T895': (1081, 3649, 3650, 1084, 1082, 1083), 'T1250': (3274, 1157, 1155, 1156, 3275), 'T390': (3095, 3094, 901, 902, 904, 903), 'T896': (3259, 1140, 3260, 1142, 1141), 'T677': (3244, 1276, 1307, 1306, 3245, 3246), 'T1255': (3262, 1172, 3214, 3215, 3261, 1171), 'T1225': (3124, 1096, 3125, 3395, 1098, 1097), 'T443': (3319, 3320, 3323, 3322, 3321), 'T1227': (3634, 963, 960, 961, 962), 'T32': (1321, 3454, 3455, 3456, 1322, 3396), 'T577': (3487, 1292, 3469, 3470, 3471, 1293), 'T1624': (1202, 3169, 3170, 3171, 1201), 'T1551': (3590, 1036, 3589, 1037, 1038), 'T1043': (3544, 1023, 1020, 1022, 1021), 'T1013': (3545, 1472, 3559, 3560, 3427, 3426, 1187), 'T1504': (885, 888, 886, 3394, 887), 'T1359': (871, 872, 3605, 873, 3604), 'T201': (1246, 3484, 3485, 3486, 1247), 'T1475': (1065, 1068, 3154, 3155, 1067, 1066), 'T7': (1352, 1351, 3364, 3366, 3365), 'T1385': (946, 3574, 3530, 947, 948), 'T1386': (1005, 3514, 3515, 1006, 1007), 'T919': (3442, 3439, 3440, 1277, 3441), 'T1218': (3679, 3680, 1053, 1051, 1052), 'T978': (1216, 1217, 3409, 3410), 'T1403': (1128, 812, 3424, 1126, 1127, 3425), 'T1620': (3292, 3289, 1262, 3290, 3291), 'T222': (1367, 1366, 3229, 3230, 3231), 'T1082': (3109, 934, 933, 932, 931), 'T778': (3499, 3500, 3501, 1231, 1232), 'T1179': (3619, 975, 976, 978, 977), 'T1365': (3139, 1113, 1112, 1111, 3110, 3140, 1050), 'T46': (1337, 1336, 3349, 3352, 3350, 3351)}, 'chain_break_method': 'majority_vote', 'embedding_parameters': {}, 'chain_strength': 0.001130810890514803}","[{'type': <class 'dwave.system.warnings.ChainBreakWarning'>, 'message': 'Lowest-energy samples contain a broken chain', 'level': 40, 'data': {'target_variables': (1352, 1351, 3364, 3366, 3365), 'source_variables': ['T7'], 'sample_index': 0}}, {'type': <class 'dwave.system.warnings.ChainBreakWarning'>, 'message': 'Lowest-energy samples contain a broken chain', 'level': 40, 'data': {'target_variables': (1367, 1366, 3229, 3230, 3231), 'source_variables': ['T222'], 'sample_index': 0}}]"
64,64,"[975, 1552, 929, 883, 866, 1203, 91, 1362, 127, 1076, 1244, 135, 1327, 262, 877, 8, 785, 843, 1566, 1376, 865, 840, 681, 430, 247, 103, 1581, 296, 352, 208, 432, 1258, 1046, 106, 126, 170, 899, 1391, 47, 88]","[1076, 170, 296, 975]",4,"[38987.0, 68607.0, 56380.0, 114227.0]","[0.7307692307692307, 0.75, 1.0, 1.0]",0.0129112070237858,212,16.681674480438232,16.654392110438234,14.819475173950195,"{'qpu_sampling_time': 11524.0, 'qpu_anneal_time_per_sample': 20.0, 'qpu_readout_time_per_sample': 74.7, 'qpu_access_time': 27282.37, 'qpu_access_overhead_time': 1787.63, 'qpu_programming_time': 15758.37, 'qpu_delay_time_per_sample': 20.54, 'total_post_processing_time': 1985.0, 'post_processing_overhead_time': 1985.0}",bd4c06e4-92c5-41e6-b4c5-b801329272ce,"{'embedding': {'T1552': (3428, 1623, 1621, 1622), 'T975': (3292, 1532, 1530, 1531, 3293), 'T929': (1635, 1638, 1637, 3144, 3143, 1636), 'T883': (1575, 1578, 1576, 1577), 'T866': (1653, 3397, 3398, 1651, 1652), 'T1203': (3427, 1488, 2993, 1485, 1487, 1486), 'T91': (1292, 3366, 3367, 3369, 3368), 'T1362': (3578, 3577, 1470, 1473, 1472, 1471), 'T127': (1397, 3381, 1351, 3265, 3264, 3262, 3263), 'T1076': (1624, 3683, 1503, 1502, 1500, 1501), 'T1244': (3279, 3278, 1366, 3277), 'T135': (3352, 3355, 3354, 3353), 'T1327': (1710, 3457, 1711, 1712, 3459, 3458), 'T262': (1877, 1876, 3247, 3248, 3249), 'T877': (1336, 3325, 3322, 3323, 3324), 'T8': (3158, 1545, 1547, 1546), 'T785': (3219, 3218, 1427, 1426, 3217), 'T843': (1725, 1726, 1727, 3562, 1697, 3563), 'T1566': (1755, 3547, 3548, 1756, 1758, 1757), 'T1376': (1382, 1380, 1381, 3307, 3309, 3308), 'T865': (1801, 3533, 3534, 1803, 3429, 1802), 'T840': (1818, 1817, 3128, 3129, 1816), 'T681': (1608, 3503, 1605, 1606, 1607), 'T430': (3487, 3488, 3489, 3204, 1771, 1772), 'T247': (1861, 1860, 1831, 3112, 3113, 3114), 'T103': (1696, 3384, 3382, 3383), 'T1581': (3052, 1682, 1681, 3053, 1680), 'T296': (1410, 3097, 1847, 1846, 3098, 3099), 'T352': (1321, 3340, 3337, 3339, 3338), 'T208': (3202, 1742, 1740, 1741, 3203), 'T432': (1456, 3444, 1457, 1352, 3443, 3442), 'T1258': (3172, 1787, 3173, 1786, 3175, 3174), 'T1046': (3159, 3504, 3592, 3593, 1666, 1668, 1667), 'T106': (3414, 3413, 1441, 1442, 3412), 'T126': (3518, 1515, 1518, 1517, 1516), 'T170': (3189, 1412, 1411, 3188, 3187), 'T899': (1563, 1560, 1561, 1562), 'T1391': (3668, 1593, 1592, 1590, 1591), 'T47': (3310, 1891, 3234, 3231, 3232, 3233), 'T88': (3472, 3473, 1832, 1833, 3474)}, 'chain_break_method': 'majority_vote', 'embedding_parameters': {}, 'chain_strength': 0.0009982007021172709}","[{'type': <class 'dwave.system.warnings.ChainBreakWarning'>, 'message': 'Lowest-energy samples contain a broken chain', 'level': 40, 'data': {'target_variables': (1624, 3683, 1503, 1502, 1500, 1501), 'source_variables': ['T1076'], 'sample_index': 0}}]"
65,65,"[1040, 382, 960, 722, 1511, 1481, 1621, 494, 1534, 188, 1109, 838, 184, 403, 977, 81, 922, 1560, 441, 1284, 447, 1006, 1301, 1655, 694, 455, 1187, 157, 1648, 1487, 1334, 285, 671, 87, 125, 1309, 771, 233, 451, 1291]","[1109, 1291, 1487, 1648, 1655, 184]",6,"[107064.0, 97915.0, 328969.0, 63683.0, 75261.0, 69089.0]","[1.0, 0.9333333333333332, 0.88, 1.0, 0.7142857142857143, 0.8]",0.0250855882677419,202,11.674397706985474,11.641465736985474,9.771758317947388,"{'qpu_sampling_time': 17174.0, 'qpu_anneal_time_per_sample': 20.0, 'qpu_readout_time_per_sample': 131.2, 'qpu_access_time': 32931.97, 'qpu_access_overhead_time': 1034.03, 'qpu_programming_time': 15757.97, 'qpu_delay_time_per_sample': 20.54, 'total_post_processing_time': 934.0, 'post_processing_overhead_time': 934.0}",28ec7e2f-e39c-4ba8-b561-e1ab885d1b9f,"{'embedding': {'T382': (4139, 4138, 4136, 4137), 'T1040': (2151, 4169, 4168, 4167, 4166), 'T960': (2765, 2766, 4154, 4151, 4152, 4153), 'T722': (2345, 2346, 4034, 4032, 4033), 'T1511': (2602, 4318, 2540, 2542, 2541), 'T1481': (2467, 2466, 3884, 3883, 2465), 'T1621': (4289, 2600, 4287, 2601, 4288), 'T494': (2558, 3912, 3913, 2557, 2556, 2555), 'T1534': (4062, 4064, 2376, 4063), 'T188': (4106, 2361, 4109, 4108, 4107), 'T1109': (2479, 3838, 3839, 2707, 2706, 2705), 'T838': (2211, 4049, 4048, 4047), 'T184': (2480, 2481, 2482, 4378, 4379), 'T403': (2196, 4019, 4018, 4017, 4016), 'T977': (2300, 4212, 2301, 4197, 4199, 4198), 'T81': (3974, 3973, 2436, 2435), 'T922': (4229, 4228, 4227, 2285, 2286), 'T1560': (2644, 4349, 2645, 2646, 2647), 'T441': (4319, 2691, 2692, 3899, 2690), 'T1284': (4304, 2525, 4303, 2526, 4333, 2527), 'T447': (4124, 4123, 4122, 4121), 'T1006': (4094, 4091, 4093, 2316, 4092), 'T1301': (4001, 2736, 4002, 4003, 4004), 'T1655': (2723, 3823, 3824, 2722, 2721, 2720), 'T694': (3989, 3988, 2271, 2270, 3987), 'T455': (2708, 4394, 2677, 2675, 2676), 'T1187': (3959, 3958, 3957, 2406, 3972, 2405), 'T157': (4214, 2450, 4213, 2451), 'T1648': (4259, 2392, 2240, 2241, 4257, 4258), 'T1487': (4244, 2255, 2256, 4242, 2377, 4243), 'T1334': (3941, 2331, 2330, 3944, 3943, 3942), 'T285': (4184, 4182, 2495, 2496, 4183), 'T671': (2614, 2617, 2615, 2616), 'T87': (2391, 4077, 4079, 4078), 'T125': (2659, 4409, 2660, 2662, 2661), 'T1309': (2587, 2586, 3869, 2584, 2585), 'T771': (2573, 2572, 3854, 2571, 2570), 'T233': (4334, 2632, 2631, 2629, 2630), 'T451': (2512, 3929, 3928, 2510, 2511), 'T1291': (4274, 4273, 4272, 2420, 2421)}, 'chain_break_method': 'majority_vote', 'embedding_parameters': {}, 'chain_strength': 0.0010778647228573148}",[]
66,66,"[813, 10, 73, 596, 553, 75, 190, 1301, 713, 1643, 1004, 583, 1067, 1047, 1623, 805, 15, 693, 476, 93, 1383, 254, 358, 866, 1028, 1660, 244, 1138, 405, 1397, 1556, 638, 1376, 689, 822, 539, 1349, 871, 187, 334]","[1067, 1138, 1660, 190, 813]",5,"[73454.0, 104564.0, 657202.0, 69986.0, 54987.0]","[1.0, 0.625, 1.0, 0.6, 0.6086956521739131]",0.0222155109554431,215,9.389642000198364,9.359494830198365,7.515668869018555,"{'qpu_sampling_time': 14388.0, 'qpu_anneal_time_per_sample': 20.0, 'qpu_readout_time_per_sample': 103.34, 'qpu_access_time': 30147.17, 'qpu_access_overhead_time': 1137.83, 'qpu_programming_time': 15759.17, 'qpu_delay_time_per_sample': 20.54, 'total_post_processing_time': 1975.0, 'post_processing_overhead_time': 1975.0}",ddebd32f-2b2c-4f85-864d-e4f3eedf5d3b,"{'embedding': {'T10': (4578, 4580, 4581, 1179, 4579, 1178), 'T813': (4624, 1074, 4623, 1193, 4625), 'T73': (4608, 1104, 4611, 4609, 4610), 'T596': (4683, 714, 712, 713), 'T553': (4548, 4549, 4550, 4551, 1299), 'T75': (4473, 4474, 4475, 1118, 1119), 'T190': (4533, 4534, 4535, 4536, 1314), 'T1301': (4519, 4520, 4518, 1133, 1134), 'T713': (4413, 4415, 4414, 953, 954), 'T1643': (4503, 4505, 1147, 1149, 4504, 1148), 'T1004': (4743, 4744, 922, 923, 925, 924), 'T583': (4713, 892, 4714, 894, 893), 'T1067': (4308, 937, 4309, 1027, 1029, 1028), 'T1047': (4639, 817, 818, 744, 4638), 'T1623': (4383, 4384, 4385, 967, 969, 968), 'T805': (4818, 4686, 4685, 4759, 819, 4684), 'T15': (4668, 4671, 4670, 4669), 'T693': (4323, 4324, 982, 984, 983), 'T476': (4248, 831, 4249, 877, 879, 878), 'T93': (4399, 4400, 1192, 4401, 4398, 1283, 1284), 'T1383': (4173, 757, 760, 759, 758), 'T254': (4219, 786, 787, 4218, 789, 788), 'T358': (4488, 4489, 4490, 4566, 1223, 1224), 'T866': (4700, 4699, 699, 4701, 4698), 'T1028': (4263, 847, 849, 848), 'T1660': (743, 4368, 4369, 4370, 4460, 1088, 1089), 'T244': (4233, 4234, 907, 910, 909, 908), 'T1138': (4203, 4204, 773, 774, 775, 772), 'T405': (4563, 4564, 4565, 1012, 1014, 1013), 'T1397': (4339, 4774, 832, 4338, 834, 833), 'T1556': (4458, 4459, 997, 999, 998), 'T638': (4729, 938, 940, 4728, 939), 'T1376': (4188, 801, 802, 804, 803), 'T689': (4656, 4653, 4654, 4655), 'T822': (4443, 4444, 4445, 1059, 1058), 'T539': (4730, 4294, 1042, 1044, 4293, 1043), 'T1349': (4278, 863, 864, 862), 'T871': (727, 728, 730, 729), 'T187': (4593, 4597, 1254, 4594, 4595, 4596), 'T334': (4353, 4354, 4355, 1103, 1162, 1164, 1163)}, 'chain_break_method': 'majority_vote', 'embedding_parameters': {}, 'chain_strength': 0.0010300104835066274}",[]
67,67,"[232, 506, 1614, 355, 1251, 1071, 411, 906, 1447, 681, 487, 780, 823, 899, 259, 571, 1313, 570, 1596, 1223, 1468, 982, 1141, 1040, 693, 1093, 341, 1023, 1622, 758, 1531, 833, 822, 1442, 1297, 1506, 965, 246, 66, 1595]","[1071, 1297, 1468, 1614, 965, 982]",6,"[74619.0, 72168.0, 75713.0, 579019.0, 103091.0, 106450.0]","[1.0, 0.8333333333333334, 0.6153846153846154, 0.9333333333333332, 0.8, 0.9411764705882352]",0.0250304138020537,207,18.91550922393799,18.88985325393799,17.054626941680908,"{'qpu_sampling_time': 9898.0, 'qpu_anneal_time_per_sample': 20.0, 'qpu_readout_time_per_sample': 58.44, 'qpu_access_time': 25655.97, 'qpu_access_overhead_time': 4970.03, 'qpu_programming_time': 15757.97, 'qpu_delay_time_per_sample': 20.54, 'total_post_processing_time': 269.0, 'post_processing_overhead_time': 269.0}",ea43b628-0fa9-4c38-b628-65371e49ef36,"{'embedding': {'T506': (3252, 2088, 3251, 2086, 2087), 'T232': (2134, 3191, 2131, 2132, 2133), 'T1614': (2373, 2478, 3567, 3566, 3564, 3565), 'T355': (3624, 1938, 3627, 3626, 3625), 'T1251': (2104, 1924, 2343, 2344, 3715, 3716, 3717), 'T1071': (3492, 1892, 3491, 1983, 3490), 'T411': (1952, 3642, 3641, 3640, 1953), 'T906': (3297, 2235, 3296, 2236, 2238, 2237), 'T1447': (2116, 3657, 3656, 2117, 2118), 'T681': (1818, 3549, 3552, 3551, 3550), 'T487': (3582, 3579, 3580, 3581), 'T780': (2284, 2283, 2282, 3177, 2281), 'T823': (2359, 3356, 2358, 2357, 3357), 'T899': (3447, 3430, 3446, 3445, 1923, 1922), 'T259': (3355, 1849, 3327, 1848, 3326, 3325, 1847), 'T571': (1984, 2327, 3685, 2328, 3686, 3687), 'T1313': (2312, 2388, 3477, 3474, 3475, 3476), 'T570': (3462, 3461, 1803, 3460, 3459), 'T1596': (3342, 1878, 1877, 3341, 3340, 1876), 'T1223': (1893, 3612, 3611, 3609, 3610), 'T1468': (3535, 3702, 3701, 2043, 2042, 3536), 'T982': (2161, 3371, 2164, 2163, 2162), 'T1141': (3282, 3281, 3280, 1999, 1998, 1997), 'T1040': (3745, 2177, 2178, 2179, 3746), 'T693': (3221, 2221, 2223, 2222), 'T1093': (3672, 3671, 3670, 1862, 1863), 'T341': (3387, 1969, 3386, 3385, 1967, 1968), 'T1023': (2028, 3507, 3505, 3506), 'T1622': (3267, 3266, 2073, 3370, 2072, 2071), 'T758': (3520, 2013, 3522, 3521), 'T1531': (2027, 3401, 3400, 2058, 2057), 'T833': (2268, 2265, 2266, 3537, 2267), 'T822': (3597, 3594, 3595, 3596), 'T1442': (2194, 2193, 2191, 2192), 'T1297': (2209, 2206, 2207, 2208), 'T1506': (2149, 2148, 2147, 2146, 3206), 'T965': (3432, 2101, 3431, 2103, 2102), 'T246': (3416, 2012, 3415, 1908, 1907, 3414), 'T66': (2251, 3731, 2253, 2252), 'T1595': (2299, 2298, 3162, 2297, 2296)}, 'chain_break_method': 'majority_vote', 'embedding_parameters': {}, 'chain_strength': 0.0010898531394070527}",[]
68,68,"[329, 758, 236, 1280, 380, 918, 6, 1413, 304, 1014, 1010, 647, 849, 665, 1394, 1397, 496, 818, 1336, 1385, 1634, 1233, 82, 1301, 1422, 1374, 73, 1467, 1022, 321, 972, 1246, 1639, 946, 1440, 937, 1151, 1199, 1421, 1162]","[1022, 1151, 1233, 1422, 1467, 1639]",6,"[74888.0, 102597.0, 107516.0, 76582.0, 55935.0, 603207.0]","[1.0, 0.7619047619047619, 1.0, 0.9, 0.6153846153846154, 0.75]",0.0268378442730058,220,11.126995086669922,11.096907116669922,8.865166425704956,"{'qpu_sampling_time': 14330.0, 'qpu_anneal_time_per_sample': 20.0, 'qpu_readout_time_per_sample': 102.76, 'qpu_access_time': 30087.97, 'qpu_access_overhead_time': 2251.03, 'qpu_programming_time': 15757.97, 'qpu_delay_time_per_sample': 20.54, 'total_post_processing_time': 305.0, 'post_processing_overhead_time': 305.0}",c207cb52-dfc9-4ddd-9de7-7cf079cf14b4,"{'embedding': {'T758': (1874, 1873, 1872, 1692, 5198, 5199, 1827), 'T329': (5032, 1724, 5033, 1723, 1721, 1722), 'T236': (1394, 1393, 5319, 1663, 5422, 5423), 'T1280': (1377, 5332, 5333, 1784, 1783, 5334), 'T380': (1828, 1829, 5587, 5588, 5589), 'T918': (1348, 5467, 5470, 5469, 5468), 'T6': (1918, 5376, 5377, 1677, 5379, 1678, 5378), 'T1413': (1888, 5409, 5407, 5408), 'T304': (1782, 5304, 1513, 1512, 5303), 'T1014': (1574, 1573, 1572, 1571, 5109, 5108, 1647), 'T1010': (5529, 5527, 1693, 5528), 'T647': (1739, 1736, 5244, 1737, 1738), 'T849': (5274, 5273, 1437, 1484, 1483, 5272), 'T665': (5544, 5542, 1664, 5543), 'T1394': (1439, 5364, 1438, 5363, 5362), 'T1397': (5063, 1735, 5003, 1601, 1602, 1604, 1603), 'T496': (1949, 5482, 5485, 1948, 5483, 5484), 'T818': (5515, 5514, 5512, 5513), 'T1336': (1589, 1588, 5154, 1587, 5153), 'T1385': (5167, 1631, 1634, 1633, 5168, 1632), 'T1634': (5455, 5454, 1679, 5452, 5453), 'T1233': (5349, 1424, 1422, 5348, 5347, 1423), 'T82': (1826, 5049, 5048, 5047, 1529, 1528, 1527, 1526), 'T1301': (5497, 5498, 5500, 5499), 'T1422': (1769, 1766, 1768, 1767), 'T1374': (1619, 5018, 1616, 1618, 1617), 'T73': (1751, 1754, 1753, 1752), 'T1467': (1814, 5079, 1871, 1812, 5078, 1813), 'T1022': (1544, 1543, 5318, 1542, 5228, 5229), 'T321': (5182, 5183, 5184, 1799, 1798, 1796, 1797), 'T972': (5124, 5123, 1499, 1498, 1497), 'T1246': (5094, 5093, 5092, 1454, 1453, 5197, 1452), 'T1639': (1559, 5139, 5138, 1556, 1558, 1557), 'T946': (5257, 5258, 1844, 1843, 5259), 'T1440': (5439, 5438, 1363, 5437), 'T937': (5289, 1706, 1707, 1709, 1708), 'T1151': (5391, 1903, 5394, 5392, 5393), 'T1199': (1648, 5574, 1649, 5572, 5573), 'T1421': (5214, 1469, 5213, 5212, 1468, 1467), 'T1162': (5526, 1514, 5604, 1408, 1409, 5603, 5602)}, 'chain_break_method': 'majority_vote', 'embedding_parameters': {}, 'chain_strength': 0.001064709282040134}","[{'type': <class 'dwave.system.warnings.ChainLengthWarning'>, 'message': 'Chain length greater than 7', 'level': 30, 'data': {'target_variables': (1826, 5049, 5048, 5047, 1529, 1528, 1527, 1526), 'source_variables': ['T82']}}, {'type': <class 'dwave.system.warnings.ChainBreakWarning'>, 'message': 'Lowest-energy samples contain a broken chain', 'level': 40, 'data': {'target_variables': (5214, 1469, 5213, 5212, 1468, 1467), 'source_variables': ['T1421'], 'sample_index': 0}}]"
69,69,"[185, 500, 1243, 148, 1525, 1647, 600, 879, 703, 417, 538, 1013, 1356, 681, 468, 691, 1259, 1351, 343, 719, 160, 155, 952, 315, 515, 1484, 420, 104, 34, 842, 84, 1098, 332, 250, 997, 1502, 428, 979, 345, 1370]","[1013, 1502, 185, 952, 979]",5,"[63487.0, 569702.0, 69277.0, 58895.0, 102229.0]","[0.8181818181818182, 1.0, 0.8, 0.5, 1.0]",0.0195303950614006,203,12.795195817947388,12.763137847947387,7.009598016738892,"{'qpu_sampling_time': 16300.0, 'qpu_anneal_time_per_sample': 20.0, 'qpu_readout_time_per_sample': 122.46, 'qpu_access_time': 32057.97, 'qpu_access_overhead_time': 4056.03, 'qpu_programming_time': 15757.97, 'qpu_delay_time_per_sample': 20.54, 'total_post_processing_time': 248.0, 'post_processing_overhead_time': 248.0}",46cfcc0d-089d-4d06-9810-36433372a8a4,"{'embedding': {'T500': (1538, 1537, 1536, 4163), 'T185': (1553, 1731, 1551, 4132, 1552, 4133), 'T1243': (1419, 4448, 4449, 1418, 4447), 'T148': (1313, 4419, 4417, 1314, 4418), 'T1525': (1343, 4584, 4582, 4583), 'T1647': (1373, 4461, 1372, 4357, 4359, 4446, 4358), 'T600': (1749, 1748, 4254, 1747, 4253), 'T879': (1434, 1433, 1432, 4282, 4283), 'T703': (1614, 1612, 1611, 1613, 4148), 'T417': (1629, 1628, 1627, 1626, 4013), 'T538': (1299, 1298, 4434, 4432, 4433), 'T1013': (1779, 1778, 4464, 4462, 4463), 'T1356': (1569, 1566, 1568, 4224, 1567, 4223), 'T681': (1599, 1598, 1597, 1596, 4088), 'T468': (1358, 1777, 1417, 4342, 4344, 1357, 4343), 'T691': (1404, 4524, 4522, 1403, 4523), 'T1259': (1494, 1492, 4177, 1493, 4178), 'T1351': (1703, 1702, 1701, 1700), 'T343': (1764, 1763, 1762, 4239, 4238), 'T719': (1523, 1823, 4402, 1522, 4404, 4403), 'T160': (1809, 1808, 4389, 4387, 4388), 'T155': (4554, 4551, 4552, 4553), 'T952': (1584, 1583, 1581, 1582, 4117, 4118), 'T315': (4644, 4613, 1824, 4612, 4614), 'T515': (1508, 1507, 4209, 1506, 4208), 'T1484': (1464, 1463, 1521, 4192, 1462, 4193), 'T420': (1449, 1448, 1447, 1716, 4267, 4268), 'T104': (4539, 4536, 4537, 4538), 'T34': (1688, 1687, 1686, 1685), 'T842': (4509, 1388, 4507, 1389, 4508), 'T84': (4568, 4567, 4569, 1328), 'T1098': (1794, 1793, 4372, 4374, 1792, 4373), 'T332': (1733, 4298, 1732, 4297), 'T250': (1718, 1717, 4313, 4312), 'T997': (4479, 4478, 1868, 4476, 4477), 'T1502': (1643, 1642, 1641, 1644, 3998), 'T428': (1674, 1673, 1672, 4103, 1671), 'T979': (1659, 1658, 1657, 4029, 1656), 'T345': (1479, 1477, 4327, 1478, 4329, 4328), 'T1370': (1883, 4494, 4493, 4491, 4492)}, 'chain_break_method': 'majority_vote', 'embedding_parameters': {}, 'chain_strength': 0.001049598409618752}","[{'type': <class 'dwave.system.warnings.ChainStrengthWarning'>, 'message': 'Some quadratic biases are stronger than the given chain strength', 'level': 30, 'data': {'source_interactions': [('T1502', 'T1647')]}}, {'type': <class 'dwave.system.warnings.ChainBreakWarning'>, 'message': 'Lowest-energy samples contain a broken chain', 'level': 40, 'data': {'target_variables': (1643, 1642, 1641, 1644, 3998), 'source_variables': ['T1502'], 'sample_index': 0}}]"
70,70,"[1557, 396, 165, 1353, 1225, 720, 277, 1142, 259, 985, 260, 567, 1408, 369, 1054, 164, 304, 1442, 1356, 486, 7, 457, 733, 423, 452, 1035, 556, 136, 1093, 805, 425, 291, 754, 1528, 1166, 857, 936, 1315, 1368, 549]","[1225, 164, 277, 7, 936, 985]",6,"[184483.0, 89267.0, 56233.0, 56285.0, 69336.0, 183494.0]","[1.0, 0.8461538461538461, 1.0, 0.75, 1.0, 1.0]",0.0278374076022841,207,9.143728256225586,9.110901086225587,7.244346380233765,"{'qpu_sampling_time': 17068.0, 'qpu_anneal_time_per_sample': 20.0, 'qpu_readout_time_per_sample': 130.14, 'qpu_access_time': 32827.17, 'qpu_access_overhead_time': 1164.83, 'qpu_programming_time': 15759.17, 'qpu_delay_time_per_sample': 20.54, 'total_post_processing_time': 733.0, 'post_processing_overhead_time': 733.0}",4f9a7059-374a-4635-aa45-e6ad9daa8d5e,"{'embedding': {'T396': (1251, 1250, 3697, 3696, 1249), 'T1557': (3531, 1236, 1235, 3606, 1234, 1233), 'T165': (1024, 3787, 3785, 3786), 'T1353': (1009, 3757, 3756, 3754, 3755), 'T1225': (3711, 1401, 4207, 1400, 3712, 1399), 'T720': (1039, 3815, 3817, 3816), 'T277': (3893, 3904, 1549, 1519, 3905, 3906, 3907), 'T1142': (3952, 1129, 1130, 3951, 3950), 'T259': (3937, 3936, 1054, 1175, 1055, 3935), 'T985': (1312, 3651, 1309, 1311, 1310), 'T260': (1218, 1221, 1219, 1220), 'T567': (1294, 1295, 4130, 4131, 1296), 'T1408': (1206, 1203, 1204, 1205), 'T369': (3636, 1279, 1282, 1281, 1280), 'T1054': (4115, 4116, 4266, 1354, 1355, 1356), 'T164': (4281, 1324, 1325, 4176, 1326), 'T304': (3575, 1188, 1189, 1191, 1190), 'T1442': (3802, 1174, 3800, 3801), 'T1356': (1461, 3876, 1459, 3877, 1460), 'T486': (994, 995, 3965, 3967, 3966), 'T7': (1446, 1491, 1504, 1505, 4011, 4012), 'T457': (1114, 4070, 1115, 1116, 4072, 4071), 'T733': (1444, 1445, 3890, 3891, 3892), 'T423': (1474, 1475, 3922, 3920, 3921), 'T452': (1490, 3980, 3981, 1489, 3982), 'T1035': (1159, 1131, 4027, 1160, 4026), 'T556': (4040, 4042, 1144, 1145, 4041), 'T136': (1371, 4057, 1369, 4056, 1370), 'T1093': (3859, 889, 3829, 3832, 3831, 3830), 'T805': (4206, 1267, 1264, 1265, 1266), 'T425': (1430, 1297, 1429, 4221, 4222, 1431), 'T291': (4087, 1384, 4085, 4086, 1385, 1386), 'T754': (1084, 1086, 4160, 1085, 4162, 4161), 'T1528': (964, 3845, 3848, 3847, 3846), 'T1166': (3996, 3997, 1414, 1416, 1415), 'T857': (3863, 3860, 3862, 3861), 'T936': (1339, 4191, 1340, 1341), 'T1315': (1099, 4147, 1101, 1100, 4146, 4145), 'T1368': (1579, 3769, 3772, 3771, 3770), 'T549': (4102, 1069, 4101, 4100, 1070, 1071)}, 'chain_break_method': 'majority_vote', 'embedding_parameters': {}, 'chain_strength': 0.0012033576942805273}","[{'type': <class 'dwave.system.warnings.ChainStrengthWarning'>, 'message': 'Some quadratic biases are stronger than the given chain strength', 'level': 30, 'data': {'source_interactions': [('T985', 'T1225')]}}]"
71,71,"[1094, 1046, 1193, 1350, 661, 96, 1222, 16, 262, 745, 469, 394, 1352, 169, 187, 730, 901, 1540, 409, 181, 333, 35, 1521, 1483, 655, 1133, 975, 820, 1407, 1243, 937, 1550, 928, 212, 620, 1274, 482, 1005, 377, 407]","[1094, 1133, 1222, 1274, 169, 975]",6,"[103962.0, 103439.0, 107313.0, 60488.0, 67940.0, 114227.0]","[0.6875, 0.6875, 0.625, 0.75, 0.75, 1.0]",0.026978287703325,235,13.45700716972351,13.42718919972351,11.593875885009766,"{'qpu_sampling_time': 14062.0, 'qpu_anneal_time_per_sample': 20.0, 'qpu_readout_time_per_sample': 100.08, 'qpu_access_time': 29817.97, 'qpu_access_overhead_time': 1816.03, 'qpu_programming_time': 15755.97, 'qpu_delay_time_per_sample': 20.54, 'total_post_processing_time': 272.0, 'post_processing_overhead_time': 272.0}",1115b2f9-5238-4b93-8ea8-0f6ded4248a7,"{'embedding': {'T1046': (4560, 4561, 4563, 4562), 'T1094': (398, 399, 401, 4726, 400), 'T1193': (4786, 4787, 533, 534, 536, 535), 'T1350': (430, 429, 428, 4532, 4530, 4531), 'T661': (683, 4575, 4576, 4578, 4577), 'T96': (4921, 518, 519, 4923, 520, 4922), 'T1222': (4995, 4996, 475, 4666, 473, 474), 'T16': (368, 369, 4756, 371, 370), 'T262': (4937, 293, 294, 295, 4936), 'T745': (4695, 4665, 308, 4697, 4696, 309), 'T469': (565, 564, 4608, 4605, 4606, 4607), 'T394': (356, 355, 353, 354), 'T1352': (277, 4967, 4966, 278, 279, 280), 'T169': (173, 4755, 174, 4622, 4621, 4620), 'T187': (4455, 4456, 4727, 505, 503, 504), 'T730': (4847, 4846, 414, 416, 415), 'T901': (236, 4770, 233, 234, 235, 4772, 4771), 'T1540': (4802, 4816, 4817, 549, 4982, 551, 550), 'T409': (548, 413, 113, 4502, 4501, 188, 4500), 'T181': (593, 670, 669, 4635, 4636, 594, 4637), 'T333': (4440, 4757, 4441, 490, 488, 489), 'T35': (203, 204, 205, 206, 4981, 249, 250, 4980), 'T1521': (4832, 655, 654, 653, 4470, 4471, 4472), 'T1483': (5056, 386, 383, 384, 385), 'T655': (625, 624, 623, 4515, 4516, 4517), 'T1133': (341, 340, 338, 339), 'T975': (4801, 443, 445, 444), 'T820': (714, 4593, 83, 4592, 4591, 4590), 'T1407': (129, 128, 248, 4545, 4547, 4546), 'T1243': (640, 639, 638, 4487, 4486, 4485), 'T937': (190, 4878, 4877, 4876, 4875, 143, 144, 145), 'T1550': (684, 4652, 4651, 189, 4650), 'T928': (218, 4862, 4861, 4860, 220, 219), 'T212': (262, 263, 4952, 4951, 264, 265), 'T620': (114, 729, 4683, 4680, 4681, 4682), 'T1274': (458, 459, 4831, 460), 'T482': (685, 4908, 4907, 4906, 4905, 98, 99, 100), 'T1005': (578, 579, 580, 4890, 4891, 4892, 581), 'T377': (4712, 323, 326, 325, 4711, 324), 'T407': (4743, 158, 4742, 4741, 159, 4740)}, 'chain_break_method': 'majority_vote', 'embedding_parameters': {}, 'chain_strength': 0.0010613416086822176}","[{'type': <class 'dwave.system.warnings.ChainLengthWarning'>, 'message': 'Chain length greater than 7', 'level': 30, 'data': {'target_variables': (203, 204, 205, 206, 4981, 249, 250, 4980), 'source_variables': ['T35']}}, {'type': <class 'dwave.system.warnings.ChainLengthWarning'>, 'message': 'Chain length greater than 7', 'level': 30, 'data': {'target_variables': (190, 4878, 4877, 4876, 4875, 143, 144, 145), 'source_variables': ['T937']}}, {'type': <class 'dwave.system.warnings.ChainLengthWarning'>, 'message': 'Chain length greater than 7', 'level': 30, 'data': {'target_variables': (685, 4908, 4907, 4906, 4905, 98, 99, 100), 'source_variables': ['T482']}}]"
72,72,"[68, 457, 929, 1421, 1270, 390, 1275, 1050, 418, 1059, 1243, 1056, 945, 1331, 873, 928, 44, 1089, 597, 33, 1505, 1282, 406, 1388, 865, 1196, 1442, 610, 757, 1361, 1375, 1497, 76, 616, 1582, 290, 1248, 947, 753, 956]","[1089, 1270, 1275, 1421, 1582]",5,"[107336.0, 57381.0, 59344.0, 77421.0, 617987.0]","[0.7058823529411765, 1.0, 0.5833333333333334, 0.625, 1.0]",0.022197051623277,221,8.83313775062561,8.80432218062561,6.942955493927002,"{'qpu_sampling_time': 13058.0, 'qpu_anneal_time_per_sample': 20.0, 'qpu_readout_time_per_sample': 90.04, 'qpu_access_time': 28815.57, 'qpu_access_overhead_time': 3471.43, 'qpu_programming_time': 15757.57, 'qpu_delay_time_per_sample': 20.54, 'total_post_processing_time': 2239.0, 'post_processing_overhead_time': 2239.0}",d845961d-c298-430f-95a0-c89d4cc9f6e0,"{'embedding': {'T457': (4535, 4534, 4532, 4533), 'T68': (4531, 4486, 428, 4487, 4489, 4488), 'T929': (4595, 818, 4592, 4593, 4594), 'T1421': (4456, 4457, 864, 863, 4458), 'T1270': (4412, 4413, 4414, 849, 848), 'T390': (4907, 4908, 4337, 4338, 805, 802, 803, 804), 'T1275': (4893, 533, 534, 4892, 535), 'T1050': (532, 580, 4368, 4367, 579, 578), 'T418': (4863, 730, 4623, 4383, 729, 4862, 728), 'T1059': (551, 548, 549, 4832, 550), 'T1243': (4922, 625, 622, 4923, 623, 624), 'T1056': (655, 652, 653, 654), 'T945': (4816, 4699, 4817, 4818, 833, 834), 'T1331': (489, 4742, 4743, 4744, 879, 878), 'T873': (474, 773, 4697, 774, 4698), 'T928': (938, 939, 4549, 4550, 4547, 4548), 'T44': (472, 4608, 415, 473, 414, 4607), 'T1089': (743, 4772, 4773, 744, 746, 745), 'T597': (4666, 998, 4667, 4668, 4669, 999), 'T33': (787, 4801, 788, 789, 4803, 4802), 'T1505': (4651, 4652, 1013, 1014, 4653, 4654), 'T1282': (758, 4682, 4609, 4683, 759), 'T406': (983, 4517, 4518, 4520, 4519), 'T1388': (1104, 4565, 4564, 4562, 4563), 'T865': (683, 685, 4637, 684), 'T1196': (4787, 4788, 4789, 968, 969, 4684, 819), 'T1442': (518, 520, 4622, 519), 'T610': (775, 893, 4757, 4758, 4759, 894), 'T757': (4727, 4728, 700, 698, 699), 'T1361': (4323, 667, 670, 669, 668), 'T1375': (458, 4471, 4474, 4473, 4472), 'T1497': (640, 637, 638, 639), 'T76': (4441, 4442, 4443, 4444, 924, 4459, 923), 'T616': (610, 4397, 4398, 607, 608, 609), 'T1582': (954, 4577, 4578, 4580, 4579), 'T290': (488, 4505, 4502, 4504, 4503), 'T1248': (4877, 566, 4878, 563, 564, 565), 'T947': (4427, 909, 4428, 4429, 4353, 4354, 908), 'T753': (4712, 4713, 715, 713, 714), 'T956': (4848, 4352, 4847, 595, 593, 594)}, 'chain_break_method': 'majority_vote', 'embedding_parameters': {}, 'chain_strength': 0.001044620507111838}","[{'type': <class 'dwave.system.warnings.ChainLengthWarning'>, 'message': 'Chain length greater than 7', 'level': 30, 'data': {'target_variables': (4907, 4908, 4337, 4338, 805, 802, 803, 804), 'source_variables': ['T390']}}]"
73,73,"[1245, 1462, 442, 99, 737, 807, 117, 1633, 827, 751, 718, 1548, 1059, 523, 670, 660, 773, 55, 1431, 302, 1499, 123, 894, 92, 1416, 454, 1038, 617, 186, 1259, 504, 880, 1531, 1087, 812, 779, 1612, 743, 267, 88]","[1087, 1259, 1462, 186]",4,"[105447.0, 59444.0, 60610.0, 78369.0]","[0.5882352941176471, 0.5714285714285714, 0.7777777777777778, 0.8]",0.0137895445796312,216,7.4271252155303955,7.398123245530395,5.551951408386231,"{'qpu_sampling_time': 13246.0, 'qpu_anneal_time_per_sample': 20.0, 'qpu_readout_time_per_sample': 91.92, 'qpu_access_time': 29001.97, 'qpu_access_overhead_time': 2322.03, 'qpu_programming_time': 15755.97, 'qpu_delay_time_per_sample': 20.54, 'total_post_processing_time': 519.0, 'post_processing_overhead_time': 519.0}",ddd33325-294b-448c-9ab5-02b3244aa8d9,"{'embedding': {'T1462': (5311, 386, 389, 387, 388), 'T1245': (475, 5535, 5536, 478, 476, 5521, 477), 'T442': (642, 641, 5010, 5011, 5012), 'T99': (5222, 191, 192, 5221, 5220), 'T737': (626, 5162, 5160, 5161), 'T807': (5235, 5236, 566, 567, 5237), 'T117': (161, 162, 5267, 5266, 522, 5265), 'T1633': (716, 5085, 5088, 5087, 5086), 'T827': (5027, 686, 446, 5025, 5026), 'T751': (5073, 582, 5072, 5070, 5071), 'T718': (5145, 746, 5146, 5147, 5148, 747), 'T1548': (5551, 236, 5550, 239, 237, 238), 'T1059': (5581, 374, 371, 372, 373), 'T523': (5327, 5326, 221, 5400, 222, 223), 'T670': (5133, 132, 101, 5130, 5132, 5131), 'T660': (5520, 311, 314, 313, 312), 'T773': (5282, 5283, 266, 5281, 267), 'T55': (5357, 551, 5476, 552, 553, 554, 5477), 'T1431': (359, 5431, 356, 357, 358), 'T302': (5118, 5115, 5116, 5117), 'T1499': (5043, 596, 116, 5040, 5042, 5041), 'T123': (5205, 491, 5206, 493, 492), 'T894': (5103, 5100, 5101, 5102), 'T92': (461, 462, 463, 5385, 5386), 'T1416': (5371, 5370, 298, 296, 297), 'T454': (5356, 176, 177, 178, 5355), 'T1038': (656, 5175, 5176, 537, 5177), 'T617': (401, 404, 5416, 403, 402), 'T186': (329, 326, 327, 328), 'T1259': (5252, 206, 5251, 207, 208, 117, 5250), 'T504': (687, 5298, 5297, 5296, 193, 146, 147, 5295), 'T880': (280, 5641, 284, 283, 281, 282), 'T1531': (5340, 5341, 5342, 611, 612), 'T1087': (430, 4995, 4996, 508, 507, 506), 'T812': (344, 5401, 341, 342, 343), 'T779': (5190, 597, 447, 671, 672, 5192, 5191), 'T1612': (536, 5058, 5055, 5056, 5057), 'T743': (416, 5596, 417, 418, 419), 'T267': (434, 431, 432, 5446, 433), 'T88': (5462, 5461, 251, 5415, 252, 253)}, 'chain_break_method': 'majority_vote', 'embedding_parameters': {}, 'chain_strength': 0.0010098988018822693}","[{'type': <class 'dwave.system.warnings.ChainLengthWarning'>, 'message': 'Chain length greater than 7', 'level': 30, 'data': {'target_variables': (687, 5298, 5297, 5296, 193, 146, 147, 5295), 'source_variables': ['T504']}}]"
74,74,"[1121, 452, 855, 662, 332, 1418, 506, 1084, 1428, 597, 1095, 1595, 832, 1492, 1604, 550, 1354, 1351, 1564, 152, 149, 58, 298, 372, 268, 1096, 62, 1436, 278, 291, 1391, 564, 1171, 1616, 780, 610, 582, 1191, 492, 55]","[1121, 1171, 1191, 1418, 855]",5,"[101922.0, 110544.0, 105916.0, 77330.0, 56885.0]","[0.6470588235294118, 0.6, 0.7368421052631579, 1.0, 0.7647058823529411]",0.0203318321293262,207,9.195318937301636,9.166240967301636,7.290177822113037,"{'qpu_sampling_time': 13320.0, 'qpu_anneal_time_per_sample': 20.0, 'qpu_readout_time_per_sample': 92.66, 'qpu_access_time': 29077.97, 'qpu_access_overhead_time': 841.03, 'qpu_programming_time': 15757.97, 'qpu_delay_time_per_sample': 20.54, 'total_post_processing_time': 410.0, 'post_processing_overhead_time': 410.0}",c43425c3-811d-4988-9846-fac2aeac4775,"{'embedding': {'T452': (3513, 588, 587, 585, 586), 'T1121': (3438, 720, 723, 721, 722), 'T855': (435, 3167, 3170, 3168, 3169), 'T662': (3633, 660, 663, 662, 661), 'T332': (735, 3498, 738, 736, 737), 'T1418': (3603, 3602, 510, 511, 512, 513), 'T506': (3049, 465, 466, 3047, 3048, 3046), 'T1084': (3140, 3139, 3137, 3138), 'T1428': (976, 975, 3077, 765, 3078, 3079), 'T597': (3317, 3318, 3319, 871, 870), 'T1095': (916, 3092, 3093, 3094), 'T1595': (3272, 3273, 960, 961, 917, 3274), 'T832': (901, 3109, 3107, 3108), 'T1492': (570, 3572, 573, 571, 3437, 572), 'T1604': (3347, 3348, 780, 781, 3349), 'T550': (724, 3663, 618, 615, 616, 617), 'T1354': (2988, 705, 708, 3468, 707, 706), 'T1351': (1006, 3181, 3182, 1005, 3184, 3183), 'T1564': (3080, 3227, 3228, 3229, 1021, 1020), 'T152': (525, 526, 3453, 527, 3452), 'T149': (945, 3242, 946, 3243, 3244), 'T58': (675, 678, 677, 676), 'T298': (3542, 3484, 3483, 632, 630, 631), 'T372': (840, 841, 842, 3362, 3363), 'T268': (766, 3259, 3257, 3258), 'T1096': (480, 481, 886, 3289, 3287, 3288), 'T62': (690, 693, 3332, 3333, 691, 692), 'T1436': (541, 3199, 3198, 3196, 3197), 'T278': (3302, 3303, 810, 811, 3304), 'T291': (497, 3226, 496, 495, 3031, 3033, 3032), 'T1391': (3377, 825, 826, 3378), 'T564': (931, 3211, 3214, 3213, 3212), 'T1171': (3527, 600, 3528, 602, 601), 'T1616': (855, 856, 857, 3407, 3408), 'T780': (555, 3393, 556, 557, 3392), 'T610': (3125, 3122, 3123, 3124), 'T582': (3557, 795, 796, 3558, 797), 'T1191': (3618, 645, 648, 647, 646), 'T492': (3062, 3063, 750, 751, 752), 'T55': (420, 3155, 3152, 3153, 3154)}, 'chain_break_method': 'majority_vote', 'embedding_parameters': {}, 'chain_strength': 0.0010409942964266481}","[{'type': <class 'dwave.system.warnings.ChainBreakWarning'>, 'message': 'Lowest-energy samples contain a broken chain', 'level': 40, 'data': {'target_variables': (724, 3663, 618, 615, 616, 617), 'source_variables': ['T550'], 'sample_index': 0}}, {'type': <class 'dwave.system.warnings.ChainBreakWarning'>, 'message': 'Lowest-energy samples contain a broken chain', 'level': 40, 'data': {'target_variables': (3527, 600, 3528, 602, 601), 'source_variables': ['T1171'], 'sample_index': 0}}, {'type': <class 'dwave.system.warnings.ChainBreakWarning'>, 'message': 'Lowest-energy samples contain a broken chain', 'level': 40, 'data': {'target_variables': (3618, 645, 648, 647, 646), 'source_variables': ['T1191'], 'sample_index': 0}}, {'type': <class 'UserWarning'>, 'message': 'All samples have broken chains', 'level': 30, 'data': {}}]"
75,75,"[698, 1298, 222, 1050, 1373, 582, 1207, 499, 1108, 892, 1135, 507, 1309, 1075, 996, 76, 334, 1646, 163, 1138, 1284, 203, 1234, 403, 1537, 944, 1026, 797, 1190, 880, 244, 1494, 1308, 1366, 1595, 799, 680, 325, 1315, 242]","[1075, 1108, 1135, 1234, 1298, 1537, 222]",7,"[61787.0, 102374.0, 102897.0, 111773.0, 73068.0, 80491.0, 55643.0]","[1.0, 0.75, 0.75, 1.0, 0.8333333333333334, 0.8378378378378378, 0.8095238095238095]",0.0279495326862144,208,9.140594959259031,9.10804778925903,7.251517057418823,"{'qpu_sampling_time': 16790.0, 'qpu_anneal_time_per_sample': 20.0, 'qpu_readout_time_per_sample': 127.36, 'qpu_access_time': 32547.17, 'qpu_access_overhead_time': 2125.83, 'qpu_programming_time': 15757.17, 'qpu_delay_time_per_sample': 20.54, 'total_post_processing_time': 825.0, 'post_processing_overhead_time': 825.0}",648ef2cc-3abd-4e95-a2f6-390aa8f43fcf,"{'embedding': {'T1298': (3641, 2749, 3642, 3643, 2688, 3644), 'T698': (3821, 3884, 3883, 3882, 2238, 2239), 'T222': (3672, 3673, 3674, 2704), 'T1050': (2689, 3704, 3703, 2149, 3702, 3701), 'T1373': (2527, 2508, 4213, 2511, 2509, 2510), 'T582': (3899, 2391, 2389, 3898, 2390), 'T1207': (4152, 4153, 4138, 2554, 2555, 2556), 'T499': (3659, 3658, 2209, 3656, 3657), 'T1108': (4063, 2541, 2539, 2540), 'T892': (2675, 3972, 3973, 2344, 3974, 2346, 2345), 'T1135': (3852, 2673, 2674, 3853, 3854), 'T507': (3734, 2359, 3733, 3731, 3732), 'T1309': (2451, 3912, 2450, 2448, 2449), 'T1075': (3717, 2719, 3719, 3718), 'T996': (4272, 2377, 2374, 2376, 2375), 'T76': (2493, 4033, 2494, 3913, 2495), 'T334': (2421, 2418, 2419, 2420), 'T1646': (2373, 3597, 3613, 2433, 2436, 2435, 2434), 'T163': (4002, 4003, 2598, 2599, 2600), 'T1138': (2463, 3867, 3869, 2464, 3868), 'T1284': (4137, 2481, 2478, 2479, 2480), 'T203': (4093, 2628, 2629, 4092, 2630), 'T1234': (2403, 2406, 2405, 2404), 'T403': (2316, 3988, 3987, 2313, 2314, 2315), 'T1537': (3779, 2074, 3775, 3778, 3777, 3776), 'T944': (3928, 2268, 2269, 2210, 3926, 3927), 'T1026': (3957, 3958, 2645, 2643, 2644), 'T797': (4078, 2526, 2524, 2525), 'T1190': (2778, 3749, 2164, 3748, 3747, 3746), 'T880': (2194, 3689, 3688, 3687), 'T244': (4122, 4123, 2569, 2570, 2571), 'T1494': (2298, 2299, 3837, 2361, 3838, 2360), 'T1308': (4017, 4018, 2586, 2583, 2584, 2585), 'T1366': (2658, 3942, 3943, 2659, 2660), 'T1595': (2613, 4107, 4108, 2615, 2614), 'T799': (3764, 3763, 3761, 3762), 'T680': (3824, 2283, 2284, 3823, 3822), 'T325': (2254, 3791, 3794, 3792, 3793), 'T1315': (2328, 4048, 4047, 2331, 2329, 2330), 'T242': (2224, 3809, 3808, 3806, 3807)}, 'chain_break_method': 'majority_vote', 'embedding_parameters': {}, 'chain_strength': 0.001077414587016356}","[{'type': <class 'dwave.system.warnings.ChainBreakWarning'>, 'message': 'Lowest-energy samples contain a broken chain', 'level': 40, 'data': {'target_variables': (3779, 2074, 3775, 3778, 3777, 3776), 'source_variables': ['T1537'], 'sample_index': 0}}, {'type': <class 'dwave.system.warnings.ChainBreakWarning'>, 'message': 'Lowest-energy samples contain a broken chain', 'level': 40, 'data': {'target_variables': (2778, 3749, 2164, 3748, 3747, 3746), 'source_variables': ['T1190'], 'sample_index': 0}}]"
76,76,"[455, 401, 1375, 326, 25, 1561, 311, 737, 685, 495, 505, 917, 301, 1641, 87, 1377, 1138, 1158, 780, 1474, 937, 379, 1149, 664, 1373, 1281, 1087, 1088, 596, 638, 1172, 1093, 44, 918, 649, 31, 1402, 86, 73, 647]","[1087, 1088, 1138, 1172, 1641]",5,"[105447.0, 109576.0, 104564.0, 100542.0, 638317.0]","[0.5882352941176471, 0.7058823529411765, 0.625, 0.75, 1.0]",0.0207531950419181,211,8.31860899925232,8.287809029252319,6.372717380523682,"{'qpu_sampling_time': 15042.0, 'qpu_anneal_time_per_sample': 20.0, 'qpu_readout_time_per_sample': 109.88, 'qpu_access_time': 30799.97, 'qpu_access_overhead_time': 1107.03, 'qpu_programming_time': 15757.97, 'qpu_delay_time_per_sample': 20.54, 'total_post_processing_time': 288.0, 'post_processing_overhead_time': 288.0}",512e6d90-d7f6-415b-96b9-07f0c248c505,"{'embedding': {'T401': (3030, 288, 287, 165, 286, 285), 'T455': (3706, 255, 3735, 256, 257, 258), 'T1375': (392, 3602, 393, 3600, 3601), 'T326': (497, 738, 3468, 3465, 3466, 3467), 'T25': (3662, 3225, 3226, 453, 452, 3302, 451), 'T1561': (3525, 3526, 3528, 558, 3527), 'T311': (421, 422, 3630, 3631, 423), 'T737': (303, 302, 3195, 301), 'T685': (3315, 3316, 333, 332, 331), 'T495': (243, 3075, 240, 242, 241), 'T505': (768, 3453, 3450, 3451, 3452), 'T917': (3105, 225, 229, 228, 227, 226), 'T301': (213, 3330, 3332, 3331, 212), 'T1641': (438, 3422, 3420, 437, 3421), 'T87': (199, 195, 196, 197, 198), 'T1377': (184, 180, 183, 181, 182), 'T1138': (3603, 633, 632, 3407, 3406, 3405), 'T1158': (3660, 346, 3661, 347, 348), 'T780': (618, 617, 3435, 3436, 3437), 'T1474': (663, 602, 3555, 3556, 3557), 'T937': (3256, 379, 378, 377, 3120, 3121, 376), 'T379': (3242, 3241, 271, 3720, 273, 272), 'T1149': (3300, 363, 3391, 362, 3301), 'T664': (708, 3615, 3618, 3617, 3616), 'T1373': (3573, 3570, 3571, 3572), 'T1281': (3345, 3346, 3347, 408, 407), 'T1087': (3362, 483, 3360, 482, 3361), 'T1088': (3495, 723, 3496, 3498, 3497), 'T596': (513, 3375, 3376, 3377, 512), 'T638': (3210, 3211, 468, 467, 466), 'T1172': (436, 3270, 573, 572, 3272, 3271), 'T1093': (693, 692, 3483, 3480, 3481, 3482), 'T44': (3285, 588, 3286, 3287, 587), 'T918': (3510, 543, 3513, 3511, 3512), 'T649': (3392, 527, 3675, 3676, 3677, 528), 'T31': (3646, 166, 167, 3645, 168), 'T1402': (797, 498, 3543, 3542, 3540, 3541), 'T86': (316, 3390, 318, 317), 'T73': (154, 3015, 150, 151, 153, 152), 'T647': (3588, 3587, 3585, 3586)}, 'chain_break_method': 'majority_vote', 'embedding_parameters': {}, 'chain_strength': 0.0010282534970160058}","[{'type': <class 'dwave.system.warnings.ChainBreakWarning'>, 'message': 'Lowest-energy samples contain a broken chain', 'level': 40, 'data': {'target_variables': (3603, 633, 632, 3407, 3406, 3405), 'source_variables': ['T1138'], 'sample_index': 0}}]"
77,77,"[90, 37, 1546, 69, 334, 955, 403, 146, 953, 1440, 93, 956, 604, 1427, 87, 183, 1337, 312, 253, 544, 63, 1220, 1305, 1529, 623, 1219, 1266, 1161, 1263, 1202, 887, 911, 558, 1495, 1480, 617, 1449, 1086, 1004, 1585]","[1161, 1449, 183, 953, 955]",5,"[103574.0, 55867.0, 71082.0, 101821.0, 155379.0]","[0.7368421052631579, 1.0, 0.8, 1.0, 1.0]",0.0238290785824371,217,11.940844297409058,11.911335527409058,10.048778295516968,"{'qpu_sampling_time': 13752.0, 'qpu_anneal_time_per_sample': 20.0, 'qpu_readout_time_per_sample': 96.98, 'qpu_access_time': 29508.77, 'qpu_access_overhead_time': 2209.23, 'qpu_programming_time': 15756.77, 'qpu_delay_time_per_sample': 20.54, 'total_post_processing_time': 1796.0, 'post_processing_overhead_time': 1796.0}",563194e3-a347-4c67-8ac0-47d2282c4e55,"{'embedding': {'T37': (5273, 5270, 5271, 1527, 5272), 'T90': (1602, 1033, 5153, 5152, 5151, 5150, 1032), 'T1546': (5285, 1468, 5288, 5286, 5287), 'T69': (5211, 1376, 1378, 1377), 'T334': (1017, 1557, 5258, 5257, 5255, 5256), 'T955': (1409, 1408, 1406, 5166, 1407), 'T403': (5438, 1211, 1212, 5437, 5436, 1213), 'T146': (1304, 1301, 1303, 1302), 'T953': (1122, 1167, 5197, 5196, 5195), 'T1440': (5389, 5392, 5391, 1123, 5390), 'T93': (5420, 5362, 5361, 1108, 5360), 'T956': (1274, 4911, 4956, 1271, 1273, 1272), 'T604': (1452, 5496, 5497, 1454, 1453), 'T1427': (1633, 5330, 5331, 5332, 5333), 'T87': (1528, 1062, 5452, 5451, 5450, 1063, 5465), 'T183': (5138, 5423, 1482, 1483, 5421, 5422), 'T1337': (1139, 1138, 1137, 5121, 5123, 5122), 'T312': (1360, 1259, 5001, 1258, 1257, 1256), 'T253': (1346, 1347, 5526, 1348), 'T544': (5228, 1542, 1543, 5540, 5542, 5541), 'T63': (5344, 1093, 5347, 5346, 5345), 'T1220': (1319, 1316, 1317, 1318), 'T1305': (5539, 1003, 1002, 5240, 5241, 1467, 5242), 'T1529': (5179, 5180, 5181, 1588, 1587, 5182), 'T623': (5316, 1424, 5317, 1422, 1423), 'T1219': (4957, 5512, 1394, 1393, 1391, 1392), 'T1266': (1244, 1243, 1242, 4986, 4971, 1241), 'T1161': (1183, 1182, 1181, 5047, 5046), 'T1263': (5225, 5226, 5227, 1513, 1512, 5318), 'T1202': (1439, 1345, 4972, 5077, 1438, 1437, 1436), 'T887': (5212, 1572, 5466, 5467, 5468, 1573), 'T911': (5092, 5091, 1287, 1289, 1288), 'T558': (5408, 1078, 5405, 5407, 1077, 5406), 'T1495': (1286, 5016, 1363, 1362, 1361), 'T1480': (5483, 1227, 5482, 5481, 1228), 'T617': (5375, 5376, 1497, 1498, 5377), 'T1449': (5076, 1333, 1332, 1331), 'T1086': (1198, 1197, 5062, 5061, 5165, 1196), 'T1004': (5303, 5300, 5302, 5301), 'T1585': (5135, 1153, 5137, 5136, 1151, 1152)}, 'chain_break_method': 'majority_vote', 'embedding_parameters': {}, 'chain_strength': 0.0010853086985249838}",[]
78,78,"[538, 1644, 267, 1000, 918, 422, 163, 1367, 1588, 1094, 1604, 525, 966, 1639, 1085, 976, 1591, 251, 46, 1542, 235, 209, 1431, 1513, 594, 1275, 849, 864, 188, 337, 147, 1332, 341, 347, 101, 1313, 1190, 444, 550, 912]","[1094, 1275, 1639, 912, 976]",5,"[103962.0, 59344.0, 603207.0, 55586.0, 135522.0]","[0.6875, 0.5833333333333334, 0.75, 0.7142857142857143, 1.0]",0.022007497088905,201,8.399106740951538,8.367345970951538,6.497925758361816,"{'qpu_sampling_time': 16002.0, 'qpu_anneal_time_per_sample': 20.0, 'qpu_readout_time_per_sample': 119.48, 'qpu_access_time': 31760.77, 'qpu_access_overhead_time': 1319.23, 'qpu_programming_time': 15758.77, 'qpu_delay_time_per_sample': 20.54, 'total_post_processing_time': 364.0, 'post_processing_overhead_time': 364.0}",8363ce32-7c7d-455a-b893-420d6e198866,"{'embedding': {'T1644': (2450, 2447, 2448, 4107, 2449), 'T538': (3599, 3596, 2523, 3597, 3598), 'T267': (2493, 4032, 4033, 2495, 2494), 'T1000': (2597, 3524, 3523, 3522, 2209, 2208), 'T918': (2358, 2361, 2360, 2359), 'T422': (2331, 2328, 2329, 4002, 2330), 'T163': (2778, 3644, 3641, 3642, 3643), 'T1367': (2538, 2539, 3927, 3928, 2540), 'T1588': (3776, 3777, 3779, 2658, 2659, 3778), 'T1094': (3823, 3822, 2283, 2284), 'T1604': (2432, 2433, 2434, 4048, 4092, 2435), 'T525': (2418, 3584, 2419, 3583, 3581, 3582), 'T966': (2300, 3972, 2598, 2599, 2600, 3973), 'T1639': (2613, 3687, 3688, 3689), 'T1085': (3626, 3627, 3629, 3628), 'T976': (2267, 3838, 2268, 2269, 3837), 'T1591': (3417, 3462, 2402, 2405, 2404, 2403), 'T251': (2643, 2644, 3748, 3746, 3747), 'T46': (4167, 2376, 2375, 2373, 2374), 'T1542': (2764, 2718, 3807, 3808, 3809, 3764, 2719), 'T235': (2703, 2704, 3794, 3792, 3793), 'T209': (2238, 3719, 3717, 3718), 'T1431': (3656, 2763, 3657, 3659, 3658), 'T1513': (2313, 3942, 2315, 2314), 'T594': (2343, 2346, 2345, 2344), 'T1275': (2673, 2674, 3869, 3867, 3868), 'T849': (2193, 2194, 2524, 3674, 3672, 3673), 'T864': (3761, 2628, 2629, 3763, 3762), 'T188': (3539, 3538, 2299, 2298, 3537), 'T337': (2568, 3987, 2569, 2570, 3988), 'T147': (3882, 3883, 2463, 2464, 4018, 2465), 'T1332': (2553, 3912, 3913, 2554, 2555), 'T341': (2584, 3552, 3553, 2582, 2583), 'T347': (3567, 2478, 2480, 2479), 'T101': (2223, 3702, 3704, 3703), 'T1313': (3852, 2688, 2689, 3854, 3853), 'T1190': (2148, 2149, 3734, 3731, 3733, 3732), 'T444': (3611, 3614, 3612, 3613), 'T550': (3897, 2508, 2510, 2509, 3898), 'T912': (4137, 2391, 2388, 2389, 2390)}, 'chain_break_method': 'majority_vote', 'embedding_parameters': {}, 'chain_strength': 0.00108615738564496}",[]
79,79,"[890, 1505, 46, 808, 424, 669, 426, 1263, 1160, 1289, 1217, 1480, 1641, 730, 1057, 1533, 780, 1421, 592, 208, 255, 1532, 1130, 1589, 1555, 1452, 848, 761, 474, 785, 940, 1354, 1001, 1022, 384, 58, 322, 1570, 1281, 65]","[1022, 1354, 1452, 1532, 1641]",5,"[74888.0, 72070.0, 618684.0, 598791.0, 638317.0]","[1.0, 0.6222222222222222, 1.0, 1.0, 1.0]",0.0250443501583494,220,7.793546438217163,7.764517668217163,5.919560670852661,"{'qpu_sampling_time': 13270.0, 'qpu_anneal_time_per_sample': 20.0, 'qpu_readout_time_per_sample': 92.16, 'qpu_access_time': 29028.77, 'qpu_access_overhead_time': 1113.23, 'qpu_programming_time': 15758.77, 'qpu_delay_time_per_sample': 20.54, 'total_post_processing_time': 2041.0, 'post_processing_overhead_time': 2041.0}",ed7edab6-e21c-463c-b449-1f915be30e95,"{'embedding': {'T1505': (2636, 2637, 5262, 5263, 5264), 'T890': (5337, 2380, 2277, 4873, 4872, 2276, 2275), 'T46': (5231, 2142, 5023, 5022, 5021, 2141), 'T808': (2231, 2216, 5066, 5067, 5069, 5068), 'T424': (2485, 2488, 2487, 2486), 'T669': (4842, 2442, 4902, 2441, 4903, 2440), 'T426': (4858, 4857, 2455, 2457, 2456), 'T1263': (2515, 2517, 5097, 5098, 2516), 'T1160': (4827, 2365, 2368, 2367, 2366), 'T1289': (4812, 2335, 2338, 2337, 2336), 'T1217': (2606, 5142, 2605, 5143, 5144), 'T1480': (2697, 5159, 5158, 2217, 5157), 'T1641': (4978, 2262, 2261, 4977, 2260), 'T730': (2607, 5278, 2308, 2306, 5277, 5201, 2307), 'T1057': (5051, 2592, 2591, 5054, 5052, 5053), 'T1533': (2576, 5322, 5323, 2577, 2578, 5324), 'T780': (5279, 4991, 4992, 4993, 2667, 2666), 'T1421': (2561, 5247, 5248, 5203, 2562), 'T592': (2202, 5186, 5188, 2201, 5187), 'T208': (2635, 2245, 5006, 2696, 5007, 5008, 2620, 4964), 'T255': (2126, 5111, 5112, 5114, 5113), 'T1532': (4888, 4887, 2412, 2411, 2410), 'T1130': (2547, 2546, 2548, 4962, 4963), 'T1589': (2530, 2531, 5382, 2532, 2533, 5383), 'T1555': (2518, 5366, 2621, 5367, 5368, 2622), 'T1452': (2470, 2471, 2473, 2472), 'T848': (2323, 5202, 2321, 2322), 'T761': (5081, 5082, 5084, 5083), 'T474': (2682, 2727, 5216, 5217, 2681, 5218, 5219), 'T785': (5174, 5189, 2711, 5232, 5233, 5234, 2712), 'T940': (5307, 5308, 2651, 2652, 5309), 'T1354': (2353, 4918, 4917, 2352, 2351), 'T1001': (4932, 5412, 4933, 2383, 2382, 2381), 'T1022': (5038, 5037, 2425, 2427, 2426), 'T384': (5427, 5338, 2501, 5428, 2502, 2503), 'T58': (2171, 2172, 5173, 5172, 5171), 'T322': (4798, 2395, 2396, 2397, 2398), 'T1570': (5353, 5352, 5351, 2291, 2293, 2292), 'T1281': (5294, 2246, 2713, 5293, 2247, 2563, 5292), 'T65': (2111, 5127, 5126, 5129, 5128)}, 'chain_break_method': 'majority_vote', 'embedding_parameters': {}, 'chain_strength': 0.0011047077234737496}","[{'type': <class 'dwave.system.warnings.ChainStrengthWarning'>, 'message': 'Some quadratic biases are stronger than the given chain strength', 'level': 30, 'data': {'source_interactions': [('T1532', 'T1641'), ('T1452', 'T1641'), ('T1452', 'T1532')]}}, {'type': <class 'dwave.system.warnings.ChainLengthWarning'>, 'message': 'Chain length greater than 7', 'level': 30, 'data': {'target_variables': (2635, 2245, 5006, 2696, 5007, 5008, 2620, 4964), 'source_variables': ['T208']}}, {'type': <class 'dwave.system.warnings.ChainBreakWarning'>, 'message': 'Lowest-energy samples contain a broken chain', 'level': 40, 'data': {'target_variables': (4827, 2365, 2368, 2367, 2366), 'source_variables': ['T1160'], 'sample_index': 0}}, {'type': <class 'dwave.system.warnings.ChainBreakWarning'>, 'message': 'Lowest-energy samples contain a broken chain', 'level': 40, 'data': {'target_variables': (4888, 4887, 2412, 2411, 2410), 'source_variables': ['T1532'], 'sample_index': 0}}, {'type': <class 'UserWarning'>, 'message': 'All samples have broken chains', 'level': 30, 'data': {}}]"
80,80,"[1525, 1236, 637, 852, 1628, 2, 678, 929, 210, 220, 404, 1196, 366, 277, 1341, 1516, 444, 1620, 1210, 504, 1474, 1423, 793, 1321, 46, 342, 432, 138, 176, 527, 119, 1068, 308, 458, 35, 338, 7, 61, 451, 1113]","[1068, 1236, 1628, 176, 277, 7]",6,"[75418.0, 108096.0, 715169.0, 66652.0, 56233.0, 56285.0]","[1.0, 1.0, 1.0, 0.75, 1.0, 0.75]",0.0235889592974454,209,15.637604236602783,15.604623466602783,13.725297689437866,"{'qpu_sampling_time': 17224.0, 'qpu_anneal_time_per_sample': 20.0, 'qpu_readout_time_per_sample': 131.7, 'qpu_access_time': 32980.77, 'qpu_access_overhead_time': 2268.23, 'qpu_programming_time': 15756.77, 'qpu_delay_time_per_sample': 20.54, 'total_post_processing_time': 350.0, 'post_processing_overhead_time': 350.0}",c22a8908-0e55-458c-8445-47e38ca5a20e,"{'embedding': {'T1236': (4110, 457, 456, 4111), 'T1525': (4200, 4201, 563, 562, 4202), 'T637': (593, 4368, 4365, 4367, 4366), 'T852': (275, 277, 4186, 276), 'T1628': (607, 4455, 4456, 4457), 'T2': (201, 4471, 4470, 4185, 203, 202), 'T678': (3990, 3991, 292, 291, 290), 'T929': (472, 4398, 4397, 4395, 4396), 'T210': (4037, 4036, 260, 262, 261), 'T220': (666, 667, 668, 4440, 4441, 4442), 'T404': (112, 4248, 4320, 4321, 4323, 592, 4322), 'T1196': (4292, 4291, 158, 157, 4290), 'T366': (4383, 4380, 4381, 442, 4382), 'T277': (4140, 427, 4141, 426), 'T1341': (4410, 4411, 4412, 742, 743, 4413), 'T1516': (4215, 548, 4216, 547, 4217), 'T444': (4155, 503, 502, 4156, 4157, 501), 'T1620': (471, 488, 487, 4245, 4246, 4247), 'T1210': (3945, 3946, 380, 383, 382, 381), 'T504': (350, 351, 353, 352), 'T1474': (4051, 233, 232, 231), 'T1423': (578, 577, 4170, 4171, 4172), 'T793': (533, 532, 4260, 4261, 4262), 'T1321': (518, 4427, 4426, 171, 172, 173, 4425), 'T46': (652, 156, 651, 4127, 4126, 4125), 'T342': (3871, 320, 321, 323, 322), 'T432': (4080, 4081, 486, 622, 621, 4142), 'T138': (683, 682, 4275, 4277, 4276), 'T176': (606, 127, 4230, 4231, 4233, 4232), 'T527': (4486, 335, 338, 337, 336), 'T119': (4515, 396, 397, 4516, 398), 'T1068': (4173, 636, 4305, 637, 4307, 4306), 'T308': (4350, 4353, 4352, 4351), 'T458': (4576, 248, 3930, 247, 246, 245), 'T35': (4338, 142, 4337, 4335, 4336), 'T338': (188, 187, 4006, 4005, 186), 'T7': (4066, 305, 308, 307, 306), 'T61': (4546, 369, 368, 366, 367), 'T451': (4022, 4021, 218, 217, 216), 'T1113': (263, 411, 412, 4500, 4501, 413)}, 'chain_break_method': 'majority_vote', 'embedding_parameters': {}, 'chain_strength': 0.0010702788139374225}",[]
81,81,"[1436, 130, 1141, 1507, 625, 412, 1078, 276, 438, 761, 1137, 872, 760, 1326, 381, 66, 554, 593, 1417, 54, 978, 723, 1146, 1192, 534, 1094, 1320, 504, 1126, 293, 373, 1217, 1643, 481, 888, 971, 972, 861, 823, 548]","[1078, 1094, 1146, 1417, 971, 978]",6,"[100383.0, 103962.0, 104676.0, 71926.0, 104971.0, 119431.0]","[0.6, 0.6875, 0.7647058823529411, 0.5384615384615384, 0.8333333333333334, 0.9142857142857144]",0.0252275096083407,194,14.936225175857544,14.903403205857543,13.031980514526367,"{'qpu_sampling_time': 17064.0, 'qpu_anneal_time_per_sample': 20.0, 'qpu_readout_time_per_sample': 130.1, 'qpu_access_time': 32821.97, 'qpu_access_overhead_time': 2920.03, 'qpu_programming_time': 15757.97, 'qpu_delay_time_per_sample': 20.54, 'total_post_processing_time': 555.0, 'post_processing_overhead_time': 555.0}",726400fb-4230-4fd2-abd5-9e64bab9650e,"{'embedding': {'T130': (351, 350, 3767, 3766, 349), 'T1436': (155, 3932, 3931, 3930), 'T1141': (3993, 95, 201, 3992, 3991, 3990), 'T1507': (3677, 544, 547, 546, 545), 'T625': (4068, 4067, 4066, 244, 245), 'T412': (4217, 484, 485, 486), 'T1078': (3811, 591, 590, 3812), 'T276': (3827, 231, 3826, 3825, 230), 'T438': (3843, 740, 3963, 3962, 3960, 3961), 'T761': (4201, 4202, 514, 515, 516), 'T1137': (469, 4051, 470, 4052), 'T872': (3842, 529, 531, 530), 'T760': (291, 4142, 4140, 305, 306, 4141), 'T1326': (125, 4020, 4021, 4023, 4022), 'T381': (501, 3707, 499, 500), 'T66': (562, 3692, 561, 560, 559), 'T554': (259, 4082, 4081, 4080, 260), 'T593': (453, 4247, 456, 454, 455), 'T1417': (185, 680, 3903, 3900, 3901, 3902), 'T54': (4232, 441, 438, 439, 440), 'T978': (3945, 3946, 3947, 665), 'T723': (4007, 4006, 319, 321, 320), 'T1146': (423, 424, 425, 4186, 426), 'T1192': (606, 3781, 3782, 604, 605), 'T534': (4035, 4036, 710, 4038, 4037), 'T1094': (4172, 4171, 274, 275, 276), 'T1320': (634, 4095, 635, 4097, 4096), 'T504': (3858, 216, 3857, 3856, 215), 'T1126': (3888, 200, 3885, 3887, 3886), 'T293': (4110, 365, 4112, 4111, 366), 'T373': (4053, 574, 4156, 575, 4157, 576), 'T1217': (412, 411, 409, 410), 'T1643': (3978, 3977, 3975, 3976), 'T481': (290, 3797, 3841, 3796, 289), 'T888': (621, 620, 3751, 3752, 619), 'T971': (650, 649, 3873, 3871, 3872), 'T972': (397, 394, 395, 396), 'T861': (4125, 380, 4127, 381, 4126), 'T823': (3722, 3721, 334, 336, 335), 'T548': (170, 3915, 3917, 3916)}, 'chain_break_method': 'majority_vote', 'embedding_parameters': {}, 'chain_strength': 0.0010511121200584394}",[]
82,82,"[616, 453, 926, 206, 443, 599, 379, 1209, 1535, 246, 439, 1185, 695, 158, 1095, 1093, 1281, 1508, 1469, 1513, 841, 1477, 538, 957, 1428, 713, 70, 1100, 452, 345, 509, 406, 826, 922, 123, 1346, 1583, 481, 875, 545]","[1095, 1100, 1469, 1535, 875]",5,"[111163.0, 100020.0, 72239.0, 595637.0, 56640.0]","[0.6875, 0.6875, 0.8823529411764706, 0.8235294117647058, 0.7]",0.0254913605039944,211,11.239712476730348,11.21288010673035,9.37628436088562,"{'qpu_sampling_time': 11074.0, 'qpu_anneal_time_per_sample': 20.0, 'qpu_readout_time_per_sample': 70.2, 'qpu_access_time': 26832.37, 'qpu_access_overhead_time': 1029.63, 'qpu_programming_time': 15758.37, 'qpu_delay_time_per_sample': 20.54, 'total_post_processing_time': 1384.0, 'post_processing_overhead_time': 1384.0}",9bf25867-f36b-4ff7-9e47-1f771c50e5e7,"{'embedding': {'T453': (1818, 1817, 3280, 3278, 3279), 'T616': (3699, 1683, 1680, 1681, 1682), 'T926': (3203, 1756, 1758, 1757), 'T206': (3311, 3310, 1651, 3309, 1653, 1652), 'T443': (3653, 1832, 1833, 1834, 3654), 'T599': (1710, 3728, 1711, 1713, 1712), 'T379': (3234, 1593, 1592, 3233, 1591), 'T1209': (3217, 1561, 1563, 3413, 3412, 1562), 'T1535': (1878, 1877, 1876, 3219, 3218), 'T246': (2057, 3460, 3457, 3458, 3459), 'T439': (1695, 1698, 1697, 1696), 'T1185': (1786, 1788, 3473, 1787, 3474), 'T695': (3158, 3159, 1773, 1772, 1771), 'T158': (1863, 3263, 3264, 1861, 1862), 'T1095': (3367, 1893, 3368, 1892, 1891, 3369), 'T1093': (3536, 3622, 1488, 3535, 3534, 3533), 'T1281': (3384, 3668, 1921, 1922, 1923, 3669, 3670), 'T1508': (3400, 1547, 3399, 3397, 3398), 'T1469': (3491, 3490, 3489, 1517, 3488), 'T1513': (3295, 1848, 3293, 3294, 1847), 'T841': (2012, 2013, 3625, 3623, 3624), 'T1477': (3249, 3248, 1578, 1577, 1576), 'T538': (3595, 3592, 1937, 1938, 3593, 3594), 'T957': (3639, 3743, 1728, 1726, 1727), 'T1428': (3503, 3504, 3505, 3506), 'T713': (2042, 3428, 3429, 3430), 'T70': (1802, 3608, 3609, 1804, 1803), 'T1100': (2087, 3550, 3547, 3548, 3549), 'T452': (3683, 3684, 3685, 1982, 3700, 1983, 1984), 'T345': (3415, 1953, 1952, 3353, 3354, 3355), 'T509': (3638, 1590, 3113, 1621, 1624, 1623, 1622), 'T406': (1997, 1998, 3565, 3564, 3562, 3563), 'T826': (1741, 3383, 1743, 1742), 'T922': (1532, 3445, 3444, 3443), 'T123': (3340, 3338, 1668, 1667, 3339), 'T1346': (3370, 1967, 1968, 3518, 3519, 3520), 'T1583': (3098, 1636, 1639, 1638, 1637), 'T481': (3323, 3324, 2028, 3325, 3326, 2027), 'T875': (1725, 3188, 1606, 1608, 1607), 'T545': (3414, 3577, 1906, 1907, 3578, 3579, 1908)}, 'chain_break_method': 'majority_vote', 'embedding_parameters': {}, 'chain_strength': 0.001079479372775017}",[]
83,83,"[1444, 1203, 2, 560, 610, 1140, 1383, 841, 236, 218, 508, 474, 1190, 1514, 154, 479, 74, 1654, 1653, 1455, 1530, 1305, 170, 950, 1335, 463, 366, 151, 566, 1454, 1268, 1354, 1218, 269, 1641, 302, 577, 955, 1297, 1498]","[1297, 1455, 1653, 1654, 170, 950, 955]",7,"[72168.0, 629629.0, 64234.0, 692692.0, 68607.0, 53904.0, 155379.0]","[0.8333333333333334, 1.0, 1.0, 1.0, 0.75, 0.95, 1.0]",0.035157456620526,217,15.37630820274353,15.35073223274353,13.17311406135559,"{'qpu_sampling_time': 9818.0, 'qpu_anneal_time_per_sample': 20.0, 'qpu_readout_time_per_sample': 57.64, 'qpu_access_time': 25575.97, 'qpu_access_overhead_time': 584.03, 'qpu_programming_time': 15757.97, 'qpu_delay_time_per_sample': 20.54, 'total_post_processing_time': 322.0, 'post_processing_overhead_time': 322.0}",837f932c-b902-48bc-b0b3-4fd6539d89fa,"{'embedding': {'T1203': (2238, 2237, 3507, 3508, 2703, 3509), 'T1444': (2434, 2431, 2432, 3747, 2433), 'T2': (2360, 3282, 2357, 2359, 2358), 'T560': (2673, 2672, 2626, 3342, 3343, 3344), 'T610': (3584, 3581, 3582, 3583), 'T1140': (2554, 2553, 3494, 3492, 3493), 'T1383': (2268, 3299, 2267, 2266, 3298, 3297), 'T841': (2748, 3551, 3554, 3553, 3552), 'T236': (3674, 3673, 2193, 2194, 3672), 'T218': (2299, 3448, 2298, 2297, 3447), 'T508': (2494, 3432, 3433, 2493, 2492), 'T474': (2223, 2222, 3418, 3416, 3417, 2192), 'T1190': (2642, 3657, 3658, 3659, 2643), 'T1514': (3236, 3237, 2416, 2419, 2417, 2418), 'T154': (2733, 3629, 3626, 3627, 3628), 'T479': (3252, 3807, 2404, 2401, 2403, 2402), 'T74': (3537, 3539, 2508, 3538), 'T1654': (3689, 3688, 3687, 2282, 2283), 'T1653': (2329, 2326, 2328, 2327), 'T1455': (2209, 2208, 3461, 3464, 3463, 3462), 'T1530': (3763, 2581, 2582, 2583, 3704, 3777, 3778, 2644), 'T1305': (3371, 3373, 2463, 2462, 3372), 'T170': (2311, 2312, 2314, 2313), 'T950': (3568, 3567, 2449, 2446, 2448, 2447), 'T1335': (3596, 3599, 3598, 3597), 'T463': (3389, 3386, 3387, 3388, 2569, 2568, 2567), 'T366': (2148, 3644, 3641, 3643, 3642), 'T151': (2073, 2718, 3614, 3611, 3613, 3612), 'T566': (3329, 3327, 3328, 2251, 2252, 2253, 3746), 'T1454': (2614, 3794, 3793, 3792, 2389, 2387, 2388), 'T1268': (3524, 3522, 2478, 3523), 'T1354': (2345, 3762, 2342, 2343, 2344), 'T1218': (2596, 2598, 3477, 3478, 2597), 'T269': (3312, 3313, 2539, 2538, 2537), 'T1641': (2522, 2523, 3702, 3703, 2524), 'T302': (3748, 3867, 3868, 3869, 2656, 2657, 2658, 2659), 'T577': (3717, 2611, 2612, 3718, 3719, 2613), 'T955': (2372, 2373, 3732, 3733, 2374), 'T1297': (3357, 3358, 2688, 3359, 2687), 'T1498': (3449, 3401, 2628, 2627, 3403, 3402)}, 'chain_break_method': 'majority_vote', 'embedding_parameters': {}, 'chain_strength': 0.00118172602604014}","[{'type': <class 'dwave.system.warnings.ChainStrengthWarning'>, 'message': 'Some quadratic biases are stronger than the given chain strength', 'level': 30, 'data': {'source_interactions': [('T1455', 'T1654'), ('T1454', 'T1654'), ('T1454', 'T1455'), ('T1641', 'T1654'), ('T1641', 'T1455'), ('T1641', 'T1454')]}}, {'type': <class 'dwave.system.warnings.ChainLengthWarning'>, 'message': 'Chain length greater than 7', 'level': 30, 'data': {'target_variables': (3763, 2581, 2582, 2583, 3704, 3777, 3778, 2644), 'source_variables': ['T1530']}}, {'type': <class 'dwave.system.warnings.ChainLengthWarning'>, 'message': 'Chain length greater than 7', 'level': 30, 'data': {'target_variables': (3748, 3867, 3868, 3869, 2656, 2657, 2658, 2659), 'source_variables': ['T302']}}, {'type': <class 'dwave.system.warnings.ChainBreakWarning'>, 'message': 'Lowest-energy samples contain a broken chain', 'level': 40, 'data': {'target_variables': (3763, 2581, 2582, 2583, 3704, 3777, 3778, 2644), 'source_variables': ['T1530'], 'sample_index': 0}}, {'type': <class 'dwave.system.warnings.ChainBreakWarning'>, 'message': 'Lowest-energy samples contain a broken chain', 'level': 40, 'data': {'target_variables': (2614, 3794, 3793, 3792, 2389, 2387, 2388), 'source_variables': ['T1454'], 'sample_index': 0}}, {'type': <class 'dwave.system.warnings.ChainBreakWarning'>, 'message': 'Lowest-energy samples contain a broken chain', 'level': 40, 'data': {'target_variables': (2345, 3762, 2342, 2343, 2344), 'source_variables': ['T1354'], 'sample_index': 0}}]"
84,84,"[1161, 895, 1323, 1065, 81, 24, 713, 1084, 1088, 854, 1651, 242, 201, 251, 1098, 1203, 987, 738, 744, 544, 1043, 897, 1532, 85, 1083, 195, 444, 2, 420, 224, 372, 1624, 505, 68, 1489, 356, 1316, 266, 289, 716]","[1083, 1088, 1161, 1532, 1651, 24, 987]",7,"[105842.0, 109576.0, 103574.0, 598791.0, 593688.0, 54792.0, 169727.0]","[0.6666666666666666, 0.7058823529411765, 0.7368421052631579, 1.0, 1.0, 1.0, 1.0]",0.0320478604108102,209,9.920540809631348,9.888195239631347,8.026390552520752,"{'qpu_sampling_time': 16588.0, 'qpu_anneal_time_per_sample': 20.0, 'qpu_readout_time_per_sample': 125.34, 'qpu_access_time': 32345.57, 'qpu_access_overhead_time': 630.43, 'qpu_programming_time': 15757.57, 'qpu_delay_time_per_sample': 20.54, 'total_post_processing_time': 538.0, 'post_processing_overhead_time': 538.0}",547b1769-797c-4e01-82b6-f2bf2bd41af4,"{'embedding': {'T895': (1641, 4417, 4418, 4703, 1644, 1643, 1642), 'T1161': (4164, 1731, 4283, 4280, 4281, 4282), 'T1323': (1566, 4133, 4130, 4131, 4132), 'T1065': (4236, 4523, 1611, 1613, 4238, 4237, 1612), 'T81': (4507, 4612, 1356, 1357, 1358), 'T24': (1568, 4492, 4491, 1281, 1283, 1282), 'T713': (1311, 4313, 1567, 1312, 4311, 4312), 'T1084': (1596, 4582, 4583, 1597, 1598), 'T1088': (4446, 4447, 4448, 1687, 1686), 'T854': (4462, 1326, 4461, 1328, 1327), 'T1651': (4087, 1491, 1494, 1493, 1492), 'T242': (1506, 4537, 1507, 1508), 'T201': (1449, 1446, 1447, 1448), 'T251': (1657, 4178, 4176, 4177), 'T1098': (4224, 4221, 4223, 4222), 'T1203': (1206, 1207, 4388, 1313, 4386, 4387), 'T987': (4298, 4297, 1386, 1387, 4296), 'T738': (4641, 4642, 1521, 1522, 1523), 'T744': (4209, 4206, 4208, 4207), 'T544': (1479, 4522, 1476, 1477, 4521, 1478), 'T1043': (1236, 4328, 4327, 4326, 1237), 'T897': (1177, 4265, 1176, 4163, 4161, 4162), 'T1532': (1702, 4268, 1701, 4193, 4191, 4192), 'T85': (4115, 1656, 4116, 1716, 4118, 4117), 'T1083': (1147, 4254, 1146, 4251, 4252, 4253), 'T195': (4373, 1251, 1252, 4371, 4372), 'T444': (1461, 1462, 1464, 1463), 'T2': (1221, 1222, 4341, 4343, 4342), 'T420': (1403, 1401, 1402, 4267, 4266), 'T224': (4598, 4597, 1371, 1373, 1372), 'T372': (1341, 4403, 1343, 4402, 1342), 'T1624': (4613, 1551, 1552, 4477, 1553), 'T505': (1296, 1297, 1298, 1299, 4568, 4567), 'T68': (4702, 1266, 1267, 1268, 4476, 1389, 1388), 'T1489': (1419, 1418, 1417, 4102, 1416), 'T356': (4356, 1581, 4357, 1582, 4358), 'T1316': (1433, 4552, 1431, 1432), 'T266': (4148, 1191, 4146, 4147), 'T289': (4432, 1626, 1583, 1627, 1628, 4433), 'T716': (1434, 4627, 1538, 1536, 1537)}, 'chain_break_method': 'majority_vote', 'embedding_parameters': {}, 'chain_strength': 0.0011205353336575295}","[{'type': <class 'dwave.system.warnings.ChainStrengthWarning'>, 'message': 'Some quadratic biases are stronger than the given chain strength', 'level': 30, 'data': {'source_interactions': [('T1532', 'T1651'), ('T1489', 'T1651'), ('T1489', 'T1532')]}}, {'type': <class 'dwave.system.warnings.ChainBreakWarning'>, 'message': 'Lowest-energy samples contain a broken chain', 'level': 40, 'data': {'target_variables': (1702, 4268, 1701, 4193, 4191, 4192), 'source_variables': ['T1532'], 'sample_index': 0}}]"
85,85,"[1612, 1230, 101, 1287, 250, 796, 1519, 428, 438, 1595, 638, 370, 124, 1560, 450, 843, 660, 842, 1565, 1249, 961, 959, 1192, 540, 83, 254, 1008, 1137, 581, 1347, 1275, 1182, 794, 174, 416, 1402, 95, 1348, 1510, 1619]","[1182, 1192, 1230, 174, 961]",5,"[104512.0, 104668.0, 110715.0, 69009.0, 55580.0]","[0.6, 0.5625, 1.0, 0.75, 0.75]",0.0245218094207069,208,9.84603714942932,9.816425979429319,7.394870281219482,"{'qpu_sampling_time': 13854.0, 'qpu_anneal_time_per_sample': 20.0, 'qpu_readout_time_per_sample': 98.0, 'qpu_access_time': 29611.17, 'qpu_access_overhead_time': 2420.83, 'qpu_programming_time': 15757.17, 'qpu_delay_time_per_sample': 20.54, 'total_post_processing_time': 613.0, 'post_processing_overhead_time': 613.0}",e19ff699-81a5-4a7c-a244-2f5e6decebb5,"{'embedding': {'T1230': (263, 264, 4967, 4966, 265), 'T1612': (280, 277, 279, 278), 'T101': (326, 4441, 4440, 323, 324, 325), 'T1287': (4516, 428, 430, 429), 'T250': (551, 550, 4696, 4697, 549), 'T796': (4530, 581, 580, 4531, 4532, 579), 'T1519': (219, 4682, 129, 4681, 4680), 'T428': (413, 414, 4891, 416, 415), 'T438': (189, 190, 4875, 4877, 4876), 'T1595': (4740, 4743, 4742, 4741), 'T638': (640, 4830, 220, 4832, 4831), 'T370': (311, 310, 4426, 307, 308, 309), 'T124': (4755, 4756, 4758, 4757), 'T1560': (534, 4771, 4907, 4772, 535), 'T450': (489, 490, 4936, 4938, 4937), 'T843': (4968, 4501, 4502, 4517, 608, 610, 609), 'T660': (4785, 4786, 624, 4787, 4788), 'T842': (4860, 594, 4861, 4862, 595), 'T1565': (356, 4351, 355, 354, 353, 352), 'T1249': (386, 4546, 385, 383, 384), 'T961': (670, 4635, 4636, 669, 4637), 'T959': (563, 4606, 4607, 565, 564), 'T1192': (4485, 505, 4486, 503, 504), 'T540': (204, 205, 4817, 4816, 4815), 'T83': (4321, 442, 445, 444, 443), 'T254': (4847, 4846, 4845, 174, 625, 175), 'T1008': (4578, 4620, 4621, 4622, 638, 639), 'T1137': (4562, 473, 4951, 4952, 475, 474), 'T581': (341, 338, 4906, 339, 340), 'T1347': (4665, 4666, 655, 654, 4667), 'T1275': (249, 4802, 4801, 4800), 'T1182': (4980, 4981, 458, 459, 460), 'T794': (160, 4728, 4727, 159, 4726, 4725), 'T174': (367, 4411, 371, 370, 369, 368), 'T416': (400, 399, 488, 4576, 4577), 'T1402': (292, 295, 294, 293), 'T95': (596, 4923, 4922, 4921, 236, 234, 235), 'T1348': (518, 4593, 520, 4591, 519, 4592), 'T1510': (4650, 685, 684, 4651, 4652), 'T1619': (714, 4713, 4710, 4711, 4712)}, 'chain_break_method': 'majority_vote', 'embedding_parameters': {}, 'chain_strength': 0.001069377829827531}",[]
86,86,"[458, 1142, 977, 1386, 530, 440, 747, 1260, 987, 783, 403, 1133, 859, 787, 1616, 58, 185, 172, 57, 844, 1601, 1132, 483, 145, 850, 596, 1246, 954, 1549, 1282, 1508, 1174, 213, 808, 1272, 981, 262, 526, 129, 1625]","[1133, 1272, 172, 185, 954, 981, 987]",7,"[103439.0, 56391.0, 69185.0, 69277.0, 344992.0, 107459.0, 169727.0]","[0.6875, 1.0, 0.75, 0.8, 1.0, 0.7142857142857143, 1.0]",0.0324515098395011,204,21.60676002502441,21.57798685502441,15.450916290283203,"{'qpu_sampling_time': 13016.0, 'qpu_anneal_time_per_sample': 20.0, 'qpu_readout_time_per_sample': 89.62, 'qpu_access_time': 28773.17, 'qpu_access_overhead_time': 2303.83, 'qpu_programming_time': 15757.17, 'qpu_delay_time_per_sample': 20.54, 'total_post_processing_time': 1950.0, 'post_processing_overhead_time': 1950.0}",1a74cacd-6c05-4cc3-8247-859e33fe8fc2,"{'embedding': {'T1142': (5089, 5088, 5087, 5086), 'T458': (5044, 821, 5026, 5027, 5028), 'T977': (5146, 5147, 5148, 747, 745, 746), 'T1386': (4954, 701, 4951, 4952, 4953), 'T530': (5207, 385, 386, 387, 5206), 'T440': (5041, 445, 5133, 5132, 446), 'T747': (730, 4876, 4877, 4878, 791, 790), 'T1260': (370, 371, 372, 5177, 5176), 'T987': (851, 4996, 655, 4998, 4997), 'T783': (612, 611, 4682, 609, 610), 'T403': (4966, 4967, 896, 4969, 4968), 'T1133': (5043, 4831, 4832, 806, 805, 4833), 'T859': (687, 686, 685, 4772, 4773), 'T787': (836, 5074, 5071, 5072, 5073), 'T1616': (731, 732, 5238, 5236, 5237), 'T58': (356, 357, 5163, 5162, 5161), 'T185': (492, 491, 490, 489), 'T172': (672, 671, 4816, 4893, 670, 4817), 'T57': (5134, 776, 777, 5223, 5221, 5222), 'T844': (866, 5013, 5011, 5012), 'T1601': (550, 4892, 552, 551), 'T1132': (281, 5119, 5116, 5118, 5117), 'T483': (5253, 5252, 459, 462, 461, 460), 'T145': (4788, 4787, 522, 521, 520), 'T850': (4758, 4757, 400, 401, 402), 'T596': (504, 507, 506, 505), 'T1246': (5267, 627, 626, 624, 625), 'T954': (4939, 4936, 4938, 431, 430, 4937), 'T1549': (5178, 4906, 762, 761, 4907, 4908), 'T1282': (534, 417, 416, 415, 4727, 4726), 'T1508': (717, 716, 4981, 4982, 4983), 'T1174': (4652, 4651, 477, 474, 475, 476), 'T213': (4712, 597, 596, 595), 'T808': (582, 580, 5042, 4923, 581), 'T1272': (4846, 642, 641, 4847, 640), 'T981': (4802, 567, 4742, 565, 566), 'T262': (340, 341, 5192, 5191, 342), 'T526': (311, 5059, 5058, 5056, 5057), 'T129': (4861, 537, 536, 4862, 535), 'T1625': (5102, 5104, 657, 656, 5103)}, 'chain_break_method': 'majority_vote', 'embedding_parameters': {}, 'chain_strength': 0.0011126055458959853}",[]
87,87,"[568, 725, 1661, 256, 348, 525, 671, 495, 826, 1317, 1490, 1284, 530, 1366, 1552, 296, 472, 1041, 1463, 747, 1228, 639, 1625, 1533, 1136, 634, 353, 819, 120, 113, 797, 1422, 996, 845, 276, 1544, 1474, 851, 1413, 787]","[1422, 1463, 1625, 1661, 296]",5,"[76582.0, 74333.0, 562651.0, 137813.0, 56380.0]","[0.9, 0.7272727272727273, 0.8461538461538461, 1.0, 1.0]",0.0203967556613445,204,11.70786476135254,11.67481719135254,9.767605066299438,"{'qpu_sampling_time': 17288.0, 'qpu_anneal_time_per_sample': 20.0, 'qpu_readout_time_per_sample': 132.34, 'qpu_access_time': 33047.57, 'qpu_access_overhead_time': 1697.43, 'qpu_programming_time': 15759.57, 'qpu_delay_time_per_sample': 20.54, 'total_post_processing_time': 404.0, 'post_processing_overhead_time': 404.0}",94b624a0-e565-4470-ad5a-0c58a202f3c6,"{'embedding': {'T725': (3996, 3995, 695, 3993, 3994), 'T568': (832, 830, 831, 4279, 4278), 'T1661': (1085, 1086, 4339, 4340, 1087), 'T256': (650, 651, 4145, 4144, 4143), 'T348': (1206, 4056, 4055, 770, 4054, 771), 'T525': (4250, 800, 801, 4249), 'T671': (3829, 905, 908, 906, 907), 'T495': (4097, 1160, 4100, 4098, 4099), 'T826': (3904, 4459, 1043, 1040, 1041, 1042), 'T1317': (938, 937, 935, 936), 'T1490': (772, 862, 4294, 755, 756, 757, 4293), 'T1284': (4264, 982, 980, 981), 'T530': (1205, 3950, 3947, 3948, 3949), 'T1366': (950, 953, 952, 951), 'T1552': (4384, 4385, 1070, 4370, 1071, 1072), 'T296': (680, 4038, 4041, 4040, 4039), 'T472': (4415, 815, 816, 817, 4414), 'T1041': (4175, 4174, 890, 892, 891), 'T1463': (1130, 1102, 4324, 4325, 1132, 1131), 'T747': (4206, 1146, 1145, 4008, 4009, 4010), 'T1228': (4221, 860, 861, 4220, 4219), 'T639': (4188, 1115, 4189, 4190, 1117, 1116), 'T1625': (4026, 4025, 4023, 4024), 'T1533': (4130, 710, 4129, 4128, 711), 'T1136': (3919, 875, 878, 877, 876), 'T634': (4082, 1190, 4085, 4084, 4083), 'T353': (4429, 4430, 997, 995, 996), 'T819': (4310, 923, 920, 921, 4309, 922), 'T120': (1220, 3935, 3932, 3933, 3934), 'T113': (4355, 4354, 845, 846, 847), 'T797': (4399, 4400, 1010, 1011, 1012), 'T1422': (4069, 1175, 3966, 4071, 1101, 4070), 'T996': (1055, 1056, 4204, 4205), 'T845': (635, 3963, 3965, 3964), 'T276': (785, 786, 4235, 4234), 'T1544': (742, 4115, 740, 4114, 741, 4113), 'T1474': (4444, 4489, 1025, 1026, 1027, 1028), 'T851': (665, 3981, 1100, 3978, 3979, 3980), 'T1413': (725, 4160, 4159, 4158, 726), 'T787': (4369, 965, 966, 967)}, 'chain_break_method': 'majority_vote', 'embedding_parameters': {}, 'chain_strength': 0.001068197603878043}",[]
88,88,"[99, 1342, 258, 131, 1259, 1111, 1654, 679, 1174, 196, 1466, 943, 1190, 597, 1463, 115, 839, 1553, 1479, 93, 727, 1325, 1542, 924, 745, 57, 464, 1034, 891, 438, 549, 454, 916, 823, 386, 931, 1600, 1635, 509, 787]","[1111, 1463, 1479, 1600, 1654, 839, 931]",7,"[104124.0, 74333.0, 572364.0, 593845.0, 692692.0, 56937.0, 67183.0]","[0.8125, 0.7272727272727273, 0.9761904761904762, 0.9629629629629628, 1.0, 1.0, 1.0]",0.0287578830651464,223,9.781158447265623,9.755994077265623,7.859426736831665,"{'qpu_sampling_time': 9406.0, 'qpu_anneal_time_per_sample': 20.0, 'qpu_readout_time_per_sample': 53.52, 'qpu_access_time': 25164.37, 'qpu_access_overhead_time': 3470.63, 'qpu_programming_time': 15758.37, 'qpu_delay_time_per_sample': 20.54, 'total_post_processing_time': 278.0, 'post_processing_overhead_time': 278.0}",344e4d43-1f91-46e7-aeee-cb4d376c624b,"{'embedding': {'T1342': (2073, 3267, 3266, 2072, 2071), 'T99': (2523, 3281, 3282, 2522, 3283), 'T258': (2206, 2209, 2208, 2207), 'T131': (2627, 2626, 3370, 3371, 3373, 3372), 'T1259': (3116, 2220, 2223, 2222, 2221), 'T1111': (3509, 3508, 3506, 3507), 'T1654': (3686, 3687, 2296, 2297, 2298), 'T679': (3716, 3656, 2088, 2085, 2086, 2087), 'T1174': (3567, 2343, 2342, 3311, 2311, 3312), 'T196': (3612, 2116, 2117, 3611, 2118), 'T1466': (2567, 2568, 3476, 2597, 3478, 3477), 'T943': (2431, 3536, 2432, 3537, 3538), 'T1190': (3671, 2313, 3672, 2191, 2194, 2193, 2192), 'T597': (2389, 3597, 3461, 3462, 2386, 2387, 2388), 'T1463': (3415, 2462, 3418, 3416, 3417), 'T115': (3730, 3731, 2265, 2266, 2268, 2267), 'T839': (2149, 2148, 3206, 2147, 2146), 'T1553': (2536, 2537, 2538, 3523, 3521, 3522), 'T1479': (2657, 3342, 3343, 2596, 3341, 3344), 'T93': (3746, 2250, 3657, 2251, 2252, 2253), 'T727': (3251, 2582, 3252, 3253, 2581), 'T1325': (3176, 2328, 3177, 2326, 2327), 'T1542': (3326, 3327, 3328, 2506, 2507), 'T924': (2281, 2178, 3297, 3296, 2177), 'T745': (2282, 3431, 3433, 3432), 'T57': (2672, 2027, 3356, 3359, 3358, 3357), 'T464': (3595, 3596, 2235, 2238, 2237, 2236), 'T1034': (2642, 3385, 3388, 3386, 3387), 'T891': (3161, 3162, 3163, 3313, 2492, 3178, 3268, 2491), 'T438': (3566, 2131, 2134, 2132, 2133), 'T549': (2446, 2447, 3400, 3403, 3401, 3402), 'T454': (2371, 2372, 3626, 3627, 3582, 2373), 'T916': (3580, 3581, 2164, 2161, 2162, 2163), 'T823': (3298, 3220, 3221, 2477, 2476, 3223, 3222), 'T386': (3550, 2418, 2416, 3551, 3552, 2417), 'T931': (3235, 2403, 2402, 2401, 3236, 3237), 'T1600': (3494, 3493, 2056, 2057, 3492, 3491), 'T1635': (3642, 2101, 3641, 2102, 2103), 'T509': (2356, 3776, 2284, 3717, 2357, 2359, 2358), 'T787': (3448, 2312, 3446, 3447)}, 'chain_break_method': 'majority_vote', 'embedding_parameters': {}, 'chain_strength': 0.0011060169277115437}","[{'type': <class 'dwave.system.warnings.ChainStrengthWarning'>, 'message': 'Some quadratic biases are stronger than the given chain strength', 'level': 30, 'data': {'source_interactions': [('T1479', 'T1654'), ('T1600', 'T1654')]}}, {'type': <class 'dwave.system.warnings.ChainLengthWarning'>, 'message': 'Chain length greater than 7', 'level': 30, 'data': {'target_variables': (3161, 3162, 3163, 3313, 2492, 3178, 3268, 2491), 'source_variables': ['T891']}}, {'type': <class 'dwave.system.warnings.ChainBreakWarning'>, 'message': 'Lowest-energy samples contain a broken chain', 'level': 40, 'data': {'target_variables': (2657, 3342, 3343, 2596, 3341, 3344), 'source_variables': ['T1479'], 'sample_index': 0}}]"
89,89,"[602, 685, 1181, 1276, 337, 1552, 1005, 1377, 691, 778, 364, 1652, 1371, 1216, 1645, 455, 920, 769, 580, 1164, 341, 521, 390, 991, 1628, 3, 105, 1229, 513, 84, 1587, 1411, 1463, 590, 1346, 670, 258, 1396, 1015, 378]","[1181, 1229, 1276, 1463, 1628, 364]",6,"[111786.0, 110236.0, 55118.0, 74333.0, 715169.0, 56776.0]","[0.7333333333333333, 1.0, 1.0, 0.7272727272727273, 1.0, 1.0]",0.025303512886463,221,10.603893041610718,10.575007871610717,8.704589366912842,"{'qpu_sampling_time': 13126.0, 'qpu_anneal_time_per_sample': 20.0, 'qpu_readout_time_per_sample': 90.72, 'qpu_access_time': 28885.17, 'qpu_access_overhead_time': 1386.83, 'qpu_programming_time': 15759.17, 'qpu_delay_time_per_sample': 20.54, 'total_post_processing_time': 316.0, 'post_processing_overhead_time': 316.0}",78d83b2c-4949-45ef-abf1-8b4ac10c8f66,"{'embedding': {'T685': (5383, 1933, 5379, 5380, 5382, 5381), 'T602': (2083, 2082, 5547, 5546, 5545), 'T1181': (2518, 5443, 5440, 5441, 5442), 'T1276': (2399, 2276, 2398, 5097, 2397), 'T337': (5488, 5486, 2277, 2278, 5487), 'T1552': (2294, 2291, 2292, 2293), 'T1005': (5518, 2052, 2053, 2129, 5517, 5516), 'T1377': (5290, 5291, 5217, 2143, 5216, 2142), 'T691': (5037, 5036, 2246, 2249, 2248, 2247), 'T778': (5171, 5172, 2489, 2488, 2487), 'T364': (5428, 5425, 5427, 5426), 'T1652': (2534, 5608, 5607, 5606, 2187, 2188, 2189), 'T1371': (5591, 5592, 2369, 2368, 2367), 'T1216': (5501, 5502, 2442, 5503, 2443), 'T1645': (5398, 2503, 5323, 5321, 5322), 'T455': (2099, 5233, 5232, 2098, 2097, 5231), 'T920': (2008, 5368, 5365, 5366, 5367), 'T769': (5320, 1979, 5352, 1978, 5350, 5351), 'T580': (5651, 5652, 2339, 2336, 2337, 2338), 'T1164': (2306, 2307, 2309, 2308), 'T341': (1963, 5395, 5397, 5396), 'T521': (2351, 5156, 5157, 2352, 2354, 2353), 'T390': (2444, 2009, 2114, 2023, 5577, 2024, 5576, 5575), 'T991': (5246, 5248, 5247, 2262, 2264, 2263), 'T1628': (2174, 5082, 5081, 2173, 2172), 'T3': (5127, 2321, 5667, 2324, 2322, 2323), 'T105': (5458, 5457, 2128, 5455, 5456), 'T1229': (5112, 5113, 5412, 2382, 2384, 2383), 'T513': (5186, 5158, 2474, 2473, 5187, 2472), 'T84': (2456, 2457, 2458, 2459, 5561, 5562), 'T1587': (2204, 5293, 2202, 2203, 5292), 'T1411': (2533, 2038, 5338, 5336, 5337), 'T1463': (2413, 2412, 5260, 5261, 5263, 5262), 'T590': (2234, 2233, 5021, 2231, 2232), 'T1346': (5096, 2217, 5411, 2219, 5307, 2218), 'T670': (2067, 5532, 5531, 5530, 2068), 'T258': (2112, 2113, 5473, 5472, 5471), 'T1396': (5200, 5202, 2022, 2158, 2157, 5201), 'T1015': (5052, 2429, 5308, 2428, 5022, 2427, 2426), 'T378': (2549, 2548, 5278, 5277, 5276, 5275, 1993)}, 'chain_break_method': 'majority_vote', 'embedding_parameters': {}, 'chain_strength': 0.0010735103615471043}","[{'type': <class 'dwave.system.warnings.ChainLengthWarning'>, 'message': 'Chain length greater than 7', 'level': 30, 'data': {'target_variables': (2444, 2009, 2114, 2023, 5577, 2024, 5576, 5575), 'source_variables': ['T390']}}]"
90,90,"[830, 331, 782, 1119, 146, 725, 719, 1461, 139, 783, 1023, 1535, 435, 120, 1503, 1169, 1003, 320, 197, 936, 1234, 717, 1251, 733, 696, 76, 1259, 1222, 821, 538, 1283, 1480, 824, 15, 844, 532, 1009, 149, 106, 890]","[1119, 1169, 1234, 1461, 1535, 936]",6,"[69458.0, 106758.0, 111773.0, 82681.0, 595637.0, 69336.0]","[0.9444444444444444, 0.9, 1.0, 0.7777777777777778, 0.8235294117647058, 1.0]",0.0248505870201327,229,9.85151219367981,9.81821102367981,7.917360067367554,"{'qpu_sampling_time': 17542.0, 'qpu_anneal_time_per_sample': 20.0, 'qpu_readout_time_per_sample': 134.88, 'qpu_access_time': 33301.17, 'qpu_access_overhead_time': 3130.83, 'qpu_programming_time': 15759.17, 'qpu_delay_time_per_sample': 20.54, 'total_post_processing_time': 300.0, 'post_processing_overhead_time': 300.0}",11134c8a-aeed-4a3c-a0bd-1cfa2fef50bf,"{'embedding': {'T331': (3959, 3958, 2481, 2480, 3957), 'T830': (4078, 2616, 4079, 2614, 2615), 'T782': (2449, 2450, 4244, 4243, 2451), 'T1119': (2509, 2512, 2511, 3929, 3928, 2510), 'T146': (4139, 4136, 4137, 4138), 'T725': (4124, 4121, 4122, 4123), 'T719': (2392, 3869, 3868, 2391, 2390), 'T1461': (3779, 3778, 2659, 2662, 2661, 2660), 'T139': (2302, 2301, 3853, 2300, 3854, 3987, 2375), 'T783': (2601, 4154, 4151, 4152, 4153), 'T1023': (2167, 4274, 4271, 2482, 4273, 2421, 4272), 'T1535': (4286, 4287, 4288, 2765, 2766, 4289), 'T435': (4016, 4017, 4018, 2752, 2751, 4019), 'T120': (2152, 4094, 2151, 4196, 4091, 4093, 4092), 'T1503': (2317, 2316, 3884, 3883, 3882, 2315), 'T1169': (4047, 2196, 2197, 4229, 4228, 4227), 'T1003': (2557, 4034, 2555, 2556), 'T320': (3914, 2347, 3913, 3912, 2346, 2345), 'T197': (3749, 2719, 2722, 2721, 2720), 'T936': (4394, 2677, 2674, 2675, 2676), 'T1234': (2419, 2420, 2526, 2377, 2376, 4049, 4048), 'T717': (4033, 2436, 2435, 2434, 3927, 3794, 3793), 'T1251': (2362, 2361, 4001, 4004, 4003, 4002), 'T733': (2166, 4106, 2600, 4109, 4108, 4107), 'T696': (2689, 2692, 2691, 2690), 'T76': (3956, 4166, 2225, 4242, 4259, 4258, 4257, 2226), 'T1259': (3763, 2632, 2631, 2629, 3764, 2630), 'T1222': (4347, 2437, 4348, 4349, 2707, 2705, 2706), 'T821': (2332, 3944, 2331, 3943, 3942, 4032, 2330), 'T538': (2285, 3972, 2781, 2780, 3973, 3974), 'T1283': (4319, 4318, 3674, 2569, 2570, 2572, 2571), 'T1480': (4169, 2286, 4167, 4168), 'T824': (2136, 4181, 4184, 4182, 4183), 'T15': (2586, 4064, 2584, 2585), 'T844': (3837, 2750, 2542, 2541, 2540, 3838, 3839), 'T532': (4197, 2527, 4198, 2736, 2737, 4199), 'T1009': (2467, 3898, 3899, 2466, 2465), 'T149': (4334, 2647, 2644, 2646, 2645), 'T106': (4063, 2497, 3989, 2494, 2496, 3988, 2495), 'T890': (2405, 4212, 4214, 2406, 4213)}, 'chain_break_method': 'majority_vote', 'embedding_parameters': {}, 'chain_strength': 0.0010767300749823312}","[{'type': <class 'dwave.system.warnings.ChainLengthWarning'>, 'message': 'Chain length greater than 7', 'level': 30, 'data': {'target_variables': (3956, 4166, 2225, 4242, 4259, 4258, 4257, 2226), 'source_variables': ['T76']}}]"
91,91,"[798, 131, 241, 1505, 1112, 1565, 1232, 369, 1399, 292, 1602, 160, 1595, 953, 425, 110, 438, 533, 1142, 1639, 403, 290, 562, 952, 1392, 165, 327, 116, 458, 979, 644, 1154, 1204, 295, 552, 1388, 936, 1214, 744, 1630]","[1232, 1602, 1630, 165, 936, 953, 979]",7,"[111052.0, 58383.0, 715030.0, 66316.0, 69336.0, 101821.0, 102229.0]","[1.0, 1.0, 1.0, 0.8333333333333334, 1.0, 1.0, 1.0]",0.0252124722703814,209,9.885864973068236,9.856999403068235,7.98299765586853,"{'qpu_sampling_time': 13108.0, 'qpu_anneal_time_per_sample': 20.0, 'qpu_readout_time_per_sample': 90.54, 'qpu_access_time': 28865.57, 'qpu_access_overhead_time': 2089.43, 'qpu_programming_time': 15757.57, 'qpu_delay_time_per_sample': 20.54, 'total_post_processing_time': 324.0, 'post_processing_overhead_time': 324.0}",4373d8f8-856c-49c0-8b91-8c149fb52ed5,"{'embedding': {'T131': (5372, 5370, 5641, 359, 5371, 357, 358), 'T798': (5162, 5160, 494, 493, 492, 5161), 'T241': (5445, 5448, 5446, 584, 5447), 'T1505': (599, 5478, 253, 5476, 5477), 'T1112': (5116, 5117, 569, 568, 567), 'T1565': (5250, 5342, 5251, 554, 553, 5252), 'T1232': (5463, 224, 5462, 5461), 'T369': (614, 613, 612, 5222, 5220, 5221), 'T1399': (5326, 5328, 524, 523, 5327), 'T292': (5491, 5492, 734, 5493), 'T1602': (5177, 5176, 5131, 342, 344, 343), 'T160': (659, 658, 657, 5190, 5191, 5192), 'T1595': (5281, 598, 749, 748, 5282, 5283), 'T953': (5415, 239, 238, 237, 5147, 5146), 'T425': (5538, 5535, 5537, 5536), 'T110': (479, 478, 477, 5297, 5296), 'T438': (5568, 179, 5567, 5566, 5565), 'T533': (269, 194, 5595, 5596, 5598, 5597), 'T1142': (537, 5580, 5581, 538, 5582, 539), 'T1639': (281, 284, 283, 282), 'T403': (5235, 5236, 5237, 627, 629, 628), 'T290': (764, 5430, 5431, 5433, 5432), 'T562': (209, 5550, 5553, 5552, 5551), 'T952': (5101, 374, 373, 372), 'T1392': (178, 208, 268, 5385, 5387, 5386), 'T165': (449, 448, 5266, 446, 447), 'T327': (299, 296, 297, 298), 'T116': (5355, 5356, 689, 688, 5357), 'T458': (5267, 5340, 464, 463, 462, 5341), 'T979': (5313, 5311, 5312, 509, 508), 'T644': (5087, 389, 5086, 387, 388), 'T1154': (644, 643, 5416, 5418, 5417), 'T1204': (5400, 5401, 5402, 674, 673, 5403), 'T295': (419, 418, 5071, 417), 'T552': (371, 5041, 401, 404, 403, 402), 'T1388': (5626, 5206, 434, 433, 431, 432), 'T936': (718, 719, 5508, 5507, 5506), 'T1214': (326, 5175, 329, 328, 327), 'T744': (5205, 314, 313, 311, 312), 'T1630': (5523, 5520, 5522, 5521)}, 'chain_break_method': 'majority_vote', 'embedding_parameters': {}, 'chain_strength': 0.0010955839540187163}",[]
92,92,"[431, 1074, 1323, 63, 1032, 186, 813, 1551, 68, 648, 1271, 1066, 1506, 650, 1265, 1644, 1569, 783, 1381, 1315, 1132, 70, 1523, 62, 518, 1083, 38, 1594, 1304, 791, 1597, 1515, 1615, 1367, 544, 1343, 717, 1153, 1525, 1585]","[1083, 1153, 1343, 1597, 186, 518]",6,"[105842.0, 96128.0, 71904.0, 633943.0, 78369.0, 58668.0]","[0.6666666666666666, 0.7777777777777778, 0.6862745098039216, 1.0, 0.8, 0.6666666666666666]",0.0270108355862895,231,11.741066932678224,11.708698962678225,9.82585620880127,"{'qpu_sampling_time': 16608.0, 'qpu_anneal_time_per_sample': 20.0, 'qpu_readout_time_per_sample': 125.54, 'qpu_access_time': 32367.97, 'qpu_access_overhead_time': 946.03, 'qpu_programming_time': 15759.97, 'qpu_delay_time_per_sample': 20.54, 'total_post_processing_time': 8648.0, 'post_processing_overhead_time': 8648.0}",02e9e435-2976-4a57-a83b-70cfc05b4508,"{'embedding': {'T1074': (1344, 1267, 4461, 4701, 1269, 1268), 'T431': (4206, 1120, 1117, 1118, 1119), 'T1323': (1206, 4221, 1207, 1209, 1208), 'T63': (4491, 4490, 892, 893, 4489), 'T1032': (1270, 1300, 4762, 1072, 1073, 4761, 1074, 4760), 'T186': (4474, 877, 878, 4551, 4550, 4549), 'T813': (4266, 1162, 4264, 4265, 1161), 'T1551': (1341, 1342, 1343, 4582, 1164, 1163, 4581), 'T68': (832, 4387, 4384, 4385, 4386), 'T648': (996, 4521, 4519, 997, 998, 4520), 'T1271': (4432, 4684, 4685, 4686, 1312, 1313, 1314), 'T1066': (862, 4342, 4339, 4340, 4341), 'T1506': (4327, 4326, 4324, 4325), 'T650': (4145, 4506, 4505, 1011, 4580, 1012, 1013), 'T1265': (4191, 1104, 1103, 1071, 4190, 1102), 'T1644': (4177, 1356, 1357, 4445, 1284, 1283, 4446), 'T1569': (1146, 1417, 4252, 4251, 4250, 4249), 'T783': (922, 923, 924, 4596, 1044, 4595, 4594), 'T1381': (969, 968, 4176, 967, 966, 4175, 4174), 'T1315': (1251, 1252, 1253, 4746, 1254), 'T1132': (1194, 4161, 4460, 1191, 1193, 1192), 'T70': (1402, 4296, 4294, 4295), 'T1523': (816, 982, 817, 4354, 4356, 4355), 'T62': (1056, 4731, 4730, 1059, 1058, 1057), 'T518': (4671, 4670, 1132, 1133, 1134), 'T1083': (1148, 1147, 4430, 4431), 'T38': (1028, 1027, 4311, 4310, 4309), 'T1594': (4567, 4444, 1042, 4566, 4565, 1043), 'T1304': (4429, 4641, 907, 908, 4640, 4639, 909), 'T791': (953, 952, 4281, 4280, 4279), 'T1597': (4234, 4237, 4235, 1223, 1222, 4236), 'T1515': (1371, 4414, 1372, 4417, 4415, 4416), 'T1615': (1387, 4399, 4400, 4402, 4401), 'T1367': (4372, 848, 847, 4369, 4371, 4370), 'T544': (4597, 1373, 4476, 1087, 4475, 1088), 'T1343': (1266, 4146, 1176, 1177, 1179, 1178), 'T717': (4611, 1089, 937, 938, 939, 4610), 'T1153': (4624, 4625, 1326, 4626, 1327, 1328, 1329), 'T1525': (1236, 1237, 1239, 1238), 'T1585': (4534, 4535, 4536, 1299, 1297, 1298)}, 'chain_break_method': 'majority_vote', 'embedding_parameters': {}, 'chain_strength': 0.0011149288948101147}","[{'type': <class 'dwave.system.warnings.ChainLengthWarning'>, 'message': 'Chain length greater than 7', 'level': 30, 'data': {'target_variables': (1270, 1300, 4762, 1072, 1073, 4761, 1074, 4760), 'source_variables': ['T1032']}}]"
93,93,"[895, 502, 168, 1576, 1453, 381, 1387, 1528, 208, 628, 878, 262, 686, 724, 591, 138, 838, 945, 662, 318, 491, 534, 4, 1521, 836, 867, 357, 586, 789, 738, 213, 839, 297, 799, 777, 1101, 1000, 1509, 474, 47]","[1101, 1453, 168, 839, 895]",5,"[104382.0, 640479.0, 73960.0, 56937.0, 55684.0]","[0.6875, 1.0, 0.75, 1.0, 0.5]",0.0166308673926729,217,16.607723712921143,16.575416542921143,14.523892641067505,"{'qpu_sampling_time': 16550.0, 'qpu_anneal_time_per_sample': 20.0, 'qpu_readout_time_per_sample': 124.96, 'qpu_access_time': 32307.17, 'qpu_access_overhead_time': 1770.83, 'qpu_programming_time': 15757.17, 'qpu_delay_time_per_sample': 20.54, 'total_post_processing_time': 291.0, 'post_processing_overhead_time': 291.0}",3f89dcc4-ba30-4391-9f2d-ea8a76838e1e,"{'embedding': {'T502': (1569, 4345, 4344, 4343, 1567, 1568), 'T895': (1645, 4375, 4374, 1644, 1643, 4373), 'T168': (4630, 1703, 4627, 4629, 4628), 'T1576': (2002, 2005, 2004, 4434, 2003, 4435), 'T1453': (1776, 1779, 1778, 1777), 'T381': (1704, 4720, 1598, 1599, 4719, 4718), 'T1387': (1687, 1688, 1689, 4750, 4749), 'T1528': (4210, 4209, 1810, 1807, 1808, 1809), 'T208': (4675, 4674, 4673, 4672, 1478, 1479), 'T628': (1373, 4522, 4525, 4524, 4523), 'T878': (1731, 4477, 1732, 1733, 4479, 4478), 'T262': (1914, 4179, 1913, 1912, 1911, 4180), 'T686': (1614, 1613, 4420, 4419, 4418), 'T724': (1791, 1792, 1794, 1793), 'T591': (1612, 4328, 4329, 1959, 1958, 1957, 4330), 'T138': (4688, 1837, 1838, 4689, 1839), 'T838': (1523, 4585, 4584, 4583), 'T945': (1972, 1973, 4570, 4568, 4569), 'T662': (1660, 1659, 1658, 4390, 4388, 4389), 'T318': (1719, 4314, 4313, 1717, 1718), 'T491': (4600, 4492, 1508, 4598, 4599), 'T534': (1494, 1493, 4405, 4404, 1597, 4403), 'T4': (1899, 4359, 4360, 1898, 1896, 1897), 'T1521': (4298, 1746, 1749, 1748, 4254, 1747), 'T836': (4299, 1944, 1943, 1942), 'T867': (1539, 4645, 1537, 4644, 4643, 4642, 1538), 'T357': (2048, 4510, 4509, 4507, 4508), 'T586': (1554, 1553, 4615, 4614, 4613), 'T789': (1855, 4194, 1854, 1853, 1852), 'T738': (2108, 4556, 4552, 4555, 4554, 4553), 'T213': (4540, 4537, 4539, 4538), 'T839': (4734, 4824, 1867, 1868, 1869), 'T297': (1928, 4657, 1929, 4660, 4658, 4659), 'T799': (4447, 1989, 1988, 4448, 4449, 4450), 'T777': (1627, 4433, 1629, 1628, 4494, 4493), 'T1101': (1702, 4464, 4463, 1552, 1583, 4462), 'T1000': (4705, 4704, 1673, 1674, 4703), 'T1509': (4240, 4239, 4268, 1764, 1763, 1762), 'T474': (1884, 4149, 1883, 1882, 1881), 'T47': (4269, 1822, 1825, 1824, 1823)}, 'chain_break_method': 'majority_vote', 'embedding_parameters': {}, 'chain_strength': 0.001027326875625417}","[{'type': <class 'dwave.system.warnings.ChainStrengthWarning'>, 'message': 'Some quadratic biases are stronger than the given chain strength', 'level': 30, 'data': {'source_interactions': [('T1453', 'T1576')]}}]"
94,94,"[1632, 270, 408, 1398, 178, 1609, 557, 127, 311, 76, 577, 1255, 575, 1240, 635, 111, 457, 389, 1042, 1406, 1259, 28, 157, 283, 1095, 558, 298, 1564, 1023, 559, 1069, 1649, 315, 1236, 649, 383, 742, 499, 1312, 276]","[1069, 1236, 1240, 1632, 1649]",5,"[75507.0, 108096.0, 109448.0, 728997.0, 66251.0]","[0.8571428571428571, 1.0, 1.0, 1.0, 1.0]",0.0226202560609896,213,9.515269994735718,9.484981224735717,7.57907247543335,"{'qpu_sampling_time': 14530.0, 'qpu_anneal_time_per_sample': 20.0, 'qpu_readout_time_per_sample': 104.76, 'qpu_access_time': 30288.77, 'qpu_access_overhead_time': 1967.23, 'qpu_programming_time': 15758.77, 'qpu_delay_time_per_sample': 20.54, 'total_post_processing_time': 447.0, 'post_processing_overhead_time': 447.0}",6824b2e6-0d96-4c7a-9596-748ca40cf9e9,"{'embedding': {'T270': (525, 526, 3497, 3331, 3332, 527), 'T1632': (3571, 333, 330, 331, 332), 'T408': (661, 660, 3063, 3062, 3060, 3061), 'T1398': (675, 3210, 3211, 3212, 676), 'T178': (2971, 303, 300, 302, 301), 'T1609': (3527, 3286, 3287, 510, 511, 512, 513), 'T557': (615, 3182, 3180, 3181), 'T127': (3240, 570, 571, 3242, 3241), 'T311': (555, 3345, 3346, 556, 3347, 557), 'T76': (3540, 585, 586, 587, 3422, 3541, 452), 'T577': (3303, 255, 3302, 3301, 257, 256), 'T1255': (3451, 318, 315, 316, 317), 'T575': (90, 3090, 3093, 3092, 3091), 'T1240': (3526, 225, 226, 227, 228), 'T635': (497, 465, 3257, 3151, 3152, 496), 'T111': (285, 3466, 287, 286), 'T457': (3045, 3047, 451, 450, 3046), 'T389': (3420, 3272, 3271, 182, 165, 166, 3270), 'T1042': (540, 646, 541, 3227, 3225, 3226), 'T1406': (348, 345, 3496, 346, 347), 'T1259': (3377, 435, 436, 3375, 466, 3376), 'T28': (3138, 3137, 3136, 3135), 'T157': (375, 378, 376, 377), 'T283': (105, 600, 3165, 3166, 3167, 3168), 'T1095': (3421, 272, 270, 271), 'T558': (195, 196, 197, 3390, 437, 3391), 'T298': (601, 3360, 3361, 3362, 631, 630), 'T1564': (135, 3105, 3108, 3106, 3107), 'T1023': (3197, 180, 181, 3196, 3195), 'T559': (3000, 3001, 405, 406, 407, 408), 'T1069': (211, 210, 213, 3317, 212, 3316), 'T1649': (3512, 240, 241, 3511, 242), 'T315': (363, 360, 361, 362), 'T1236': (3255, 3256, 422, 420, 421), 'T649': (150, 3437, 3436, 3435, 151, 152), 'T383': (120, 3075, 3078, 3077, 3076), 'T742': (3405, 480, 3406, 481, 482), 'T499': (3120, 3123, 3122, 3121), 'T1312': (3015, 3016, 390, 393, 392, 391), 'T276': (3153, 645, 3030, 3031, 3032)}, 'chain_break_method': 'majority_vote', 'embedding_parameters': {}, 'chain_strength': 0.0010538278336725225}","[{'type': <class 'dwave.system.warnings.ChainBreakWarning'>, 'message': 'Lowest-energy samples contain a broken chain', 'level': 40, 'data': {'target_variables': (3571, 333, 330, 331, 332), 'source_variables': ['T1632'], 'sample_index': 0}}]"
